X1
-7.32455712
-7.26017138
-7.76945789
-7.24971804
-7.71812699
-7.38435500
-7.78468825
-7.75850519
-7.65796536
-7.44306960
-7.77195984
-7.82540613
-7.21224703
-7.78114760
-7.83946014
-7.23283679
-7.35334820
-7.29229660
-7.35442705
-7.44606667
-7.29656751
-7.49621797
-7.43071188
-7.40724037
-7.22777419
-7.64998632
-7.39845770
-7.24787403
-7.55117588
-7.88072409
-7.92761265
-7.34156548
-7.67002003
-7.41903868
-7.17021671
-7.36658700
-7.50518711
-7.01408516
-7.21814797
-7.01030497
-7.47672800
-6.93108240
-7.24041465
-7.36318681
-7.73261191
-7.74683865
-7.20330790
-7.29165220
-7.66326737
-7.63436346
-6.96097949
-7.52410895
-6.98884783
-7.37184197
-7.84713665
-7.53658166
-7.27190069
-7.58791581
-7.54366979
-7.05414644
-7.06608349
-7.68553891
-7.45629666
-7.20471954
-7.66804968
-7.79197256
-7.35421803
-6.98198137
-6.96019599
-6.90897175
-7.45291086
-6.87504427
-6.88704421
-7.50311894
-7.26733279
-6.95690086
-6.85699154
-7.44190155
-7.21157170
-7.02378466
-7.14489371
-7.25027288
-6.79357734
-6.83818750
-7.45325173
-7.54825887
-6.87579340
-7.55477005
-6.85337846
-7.09731293
-7.26981388
-6.89862647
-7.24355651
-7.06887468
-7.78993962
-7.42799993
-6.94659088
-7.06876643
-7.32313194
-7.04474213
-6.87500976
-7.68940529
-7.08669397
-7.26736018
-7.66370270
-7.74562886
-6.94199381
-7.00640921
-7.40760110
-7.88811878
-7.79141775
-7.22079401
-7.71438838
-7.45824676
-7.00997514
-7.16173277
-7.61712126
-7.68098802
-7.26813494
-7.83714372
-7.60936132
-6.99347860
-7.37184789
-6.81881996
-7.07373420
-7.24296528
-7.81308264
-7.08627935
-7.74314530
-7.35270376
-6.98627972
-6.99284959
-7.35425095
-7.29962059
-7.14782859
-7.73762952
-7.80206950
-7.15933180
-7.66937319
-7.05771694
-7.53661490
-6.95073056
-7.42358203
-7.38588391
-6.91897603
-7.48142068
-7.32572378
-7.35031926
-7.37599166
-7.77082890
-7.38254009
-7.75445160
-7.49556695
-6.78955061
-6.85113555
-6.91664124
-7.01388189
-6.85655561
-6.99692744
-7.26337708
-6.99252825
-6.78286619
-6.79479893
-6.93241474
-7.64348467
-7.77837233
-7.19661485
-7.40799149
-7.64065880
-7.28729533
-7.61225071
-6.98850690
-6.95142750
-6.90381402
-7.03594085
-7.68211650
-7.60234855
-7.63837226
-7.65860881
-6.92450356
-7.47176529
-6.89827504
-6.94085763
-7.24123261
-7.55802100
-7.75849232
-7.72408715
-7.37662885
-7.76288833
-7.09644915
-7.55144049
-7.78689993
-6.97786428
-7.95628872
-6.89052160
-6.91617612
-7.64590467
-8.02020985
-7.61364801
-7.66059999
-7.65022499
-7.90045963
-6.99571860
-7.60644298
-7.06503073
-7.55723820
-6.91587357
-7.41792598
-6.98577351
-7.08302393
-7.53535484
-7.47790686
-7.69324432
-7.32874866
-7.50362614
-7.05127090
-7.44404155
-7.97900307
-7.29973774
-7.74943328
-7.86533091
-7.43965074
-7.51174752
-6.86538929
-7.16965761
-6.80961129
-7.56959878
-7.47450124
-7.42477392
-7.14828286
-7.94066905
-7.76135499
-6.89961138
-7.42740202
-6.91595468
-8.07504190
-7.20275898
-7.36613736
-7.42628420
-7.01422119
-7.79518258
-7.76451325
-7.39840062
-7.74542373
-7.36280665
-7.09664252
-6.84095636
-7.01247199
-7.34742347
-7.34145375
-7.38948856
-7.72017551
-7.10694078
-7.61903221
-7.68788109
-6.80146735
-6.88617246
-8.03340233
-7.03859730
-7.35119162
-7.68728647
-7.82229546
-7.53694225
-7.71626351
-7.76433671
-6.93733716
-7.70587285
-7.03454715
-7.36576648
-7.91188710
-8.02835849
-7.94139292
-6.79074919
-7.46017757
-7.08194112
-7.81557645
-7.22349414
-6.85084855
-7.43835246
-7.01851820
-6.99883599
-7.80350361
-7.76251300
-7.39458843
-7.08399864
-7.42618466
-7.87068277
-7.05823053
-7.83294775
-8.08503894
-8.03747019
-7.47970509
-7.84276838
-7.42935151
-6.76232181
-6.83398293
-7.66882542
-8.00785990
-6.85851024
-7.23297040
-7.04872162
-7.87166215
-6.80434789
-7.75734268
-7.39697959
-7.31436213
-6.83540302
-7.61839565
-7.03004581
-7.55871869
-7.15290467
-7.60513576
-7.92020149
-6.91392819
-7.23266781
-7.43285779
-7.62369293
-7.79594531
-6.78591678
-7.30544115
-7.72759769
-7.92445519
-7.90531100
-7.47479901
-7.05695293
-7.99225975
-6.84477822
-7.12853983
-6.96554645
-7.64707053
-7.63277531
-7.47465251
-7.39314937
-7.67922505
-7.92485870
-6.84346344
-7.63925299
-7.20656756
-7.15838931
-7.19013873
-7.77102270
-7.66597164
-7.17915529
-7.58723250
-7.54886244
-7.22500400
-7.04072126
-6.98644481
-6.97982851
-7.33929971
-7.09318931
-7.26163599
-7.30538636
-7.87762095
-7.68340335
-6.86170176
-6.90757057
-7.87535275
-6.84415835
-8.11017170
-6.94906466
-8.07564002
-7.29968708
-7.48083085
-7.19628207
-6.94077187
-6.85984999
-7.23671641
-7.11258844
-7.25476501
-7.73457830
-7.55942973
-7.65790167
-7.20208632
-7.76844934
-7.89869813
-7.01221708
-7.90579700
-7.62774562
-7.30263608
-7.16099976
-7.26927097
-7.98619667
-8.05133501
-7.48319076
-6.95733396
-7.64357181
-8.05075927
-7.84990139
-7.77106567
-7.63139032
-6.94899116
-6.98732176
-7.17439064
-7.44198537
-7.63356382
-7.24549120
-7.40418636
-7.61600455
-7.19615686
-7.03366655
-7.92303951
-7.77250757
-7.03695309
-7.21859230
-7.41067206
-7.68434616
-7.05216139
-7.16597132
-7.53536599
-7.57588498
-7.60597033
-7.97221433
-7.41432860
-6.90417325
-7.12090552
-6.99884172
-7.82709254
-7.49741810
-7.58064538
-7.27678061
-6.98170981
-7.56363461
-7.28441568
-7.37033129
-7.23619504
-6.90892324
-7.49677717
-7.15082908
-7.58331145
-7.10746133
-7.28977781
-7.36093337
-7.84113137
-7.55969308
-7.66919311
-7.57379936
-7.45893198
-7.40086579
-7.41946280
-6.80463958
-7.24200058
-6.65468790
-7.12535861
-7.19213305
-7.64717845
-6.96600077
-7.72870339
-6.97854388
-7.21779633
-7.68857759
-7.34425986
-7.49040286
-7.61804524
-7.37533952
-6.78285453
-6.97130344
-7.56700742
-6.92359604
-7.60914840
-6.84913296
-7.57137916
-7.38346055
-7.26515526
-6.91526346
-7.55537359
-6.74213721
-7.44469337
-6.75088153
-7.71638897
-6.78529791
-7.63908452
-6.72061489
-7.47472934
-6.85803519
-7.39304728
-6.85086551
-6.81075090
-6.93835305
-6.67718384
-7.55071713
-6.66450271
-7.66953988
-7.46402231
-7.42731356
-6.76559217
-7.43278666
-7.60024536
-7.54873693
-7.57006288
-7.48559742
-7.27152390
-7.32012472
-7.25081618
-7.82421189
-7.83299372
-7.67806434
-7.29503632
-7.68012054
-7.75976477
-7.68447527
-7.35160021
-7.90031955
-7.76511503
-7.70285407
-7.41898476
-7.50794631
-7.48877982
-7.55373247
-7.63344067
-7.36821898
-7.59077685
-7.83966480
-7.72338748
-7.79706976
-7.25411222
-6.97310249
-7.66382706
-7.18695874
-7.15470852
-7.43408038
-7.32066420
-7.18471146
-7.48702580
-7.57808822
-7.14381035
-7.61191822
-7.40935608
-7.61629664
-6.95755053
-7.75094129
-7.68380290
-7.49936366
-6.91974928
-6.83629138
-7.44248954
-7.12812473
-6.89631311
-7.58447609
-7.54994239
-7.31470602
-7.77807015
-7.11703474
-7.02213562
-7.15195231
-7.49687969
-7.60655605
-7.51976204
-7.56672758
-7.43028329
-7.38375824
-6.78558116
-7.57705679
-7.00713958
-6.91598209
-7.39242670
-6.81655018
-6.95787191
-7.20686705
-7.67789303
-6.93763679
-6.97642912
-7.07405773
-7.68330911
-7.48892095
-7.45989188
-7.39222849
-7.50527118
-6.89552102
-7.66576474
-7.35675730
-7.58988904
-7.71320581
-7.10113069
-6.88997288
-7.41946763
-6.95487499
-6.81826408
-6.86084143
-7.44281766
-7.55638682
-6.94166408
-7.13653094
-7.13649953
-7.38711482
-6.96670369
-7.48925688
-7.71204456
-7.12232725
-7.58861996
-7.45683045
-7.01387577
-6.94886843
-6.96046989
-7.14598491
-7.10507333
-7.21476191
-7.72373898
-7.77729869
-7.66584323
-7.22998738
-7.74991945
-7.04916882
-7.04536736
-7.21132473
-7.12947830
-7.16815891
-6.90379450
-7.50618265
-6.87370463
-7.51651575
-7.55468237
-7.43180044
-7.75304999
-7.09861906
-7.33605997
-7.64530121
-7.26223945
-7.80974571
-7.61898426
-7.48460874
-6.83879308
-7.74680900
-7.84077798
-7.46208499
-7.06174720
-7.13352510
-8.04954591
-6.97535389
-7.68940888
-7.04290173
-7.08612443
-7.03530274
-7.00082967
-7.32105200
-7.04021637
-7.25050081
-8.02924210
-6.93953461
-7.97727976
-7.54985702
-7.06731260
-7.30627036
-7.44224559
-7.71049343
-7.04979181
-7.37714147
-6.91650429
-7.96032431
-7.93511598
-7.13224081
-6.82910507
-6.96724597
-6.90103475
-7.45300872
-7.80936189
-6.87651574
-7.25842458
-7.39283405
-7.94266142
-7.69232887
-6.90330644
-7.04789004
-7.08073219
-7.49288591
-7.48070077
-6.86323791
-6.91563800
-6.91400540
-7.03085009
-7.13701115
-7.16206418
-7.69223549
-6.93800819
-7.70149751
-7.59062209
-7.43794536
-7.71355270
-7.25986257
-8.13010015
-7.42913932
-6.82466356
-7.10172379
-7.47940421
-6.83724906
-6.81848902
-7.08029834
-6.85910018
-8.00647078
-6.85296930
-7.49355255
-7.85656591
-8.00755956
-7.40825777
-7.52632127
-7.04144543
-7.20925349
-7.58266277
-6.82941871
-7.34913346
-7.70936548
-7.41750566
-7.21627964
-7.86574852
-7.02155346
-7.20807992
-7.53116876
-8.11404774
-7.12542097
-7.23374136
-7.71974653
-7.55456968
-6.80942235
-6.81812875
-6.84669261
-6.95267729
-7.26373850
-7.06457845
-6.96295467
-7.09351903
-7.04256931
-7.01579978
-7.23840652
-8.01815451
-7.48715514
-7.62163900
-6.82779922
-7.45749207
-8.07230091
-7.10927583
-6.87017110
-7.52474598
-7.33770196
-7.05986340
-7.12888280
-6.84283623
-8.03176589
-6.98012112
-7.39618146
-7.26876996
-7.05102651
-6.92973601
-7.80253828
-7.95350053
-8.10774580
-7.09693964
-7.41914512
-7.76203238
-7.04933227
-7.31510658
-7.40540333
-7.16245760
-7.54978318
-7.19489034
-6.90829152
-7.42714656
-6.78739884
-8.07153255
-6.82557825
-6.99671861
-6.99066098
-7.43696374
-7.31993848
-7.23663515
-7.18361696
-7.58177578
-6.91999513
-6.98528482
-7.00027887
-7.22731378
-7.15407711
-7.49149117
-7.51784374
-7.41764189
-7.65114482
-7.39465135
-7.49911294
-6.96031217
-7.15716579
-7.30433119
-8.01008161
-6.81846804
-7.19101648
-7.24079774
-7.06734654
-7.09907491
-8.07131079
-7.67065330
-6.96765533
-7.45395781
-7.14535633
-8.14353755
-7.61532529
-7.36849390
-7.86157469
-7.93542157
-8.03830602
-8.04432658
-7.90041278
-7.10026199
-7.19113163
-8.04318763
-7.70931508
-7.77110032
-6.97766764
-7.54733553
-7.82365988
-7.74036447
-7.65396162
-7.13235990
-7.38957485
-8.05890306
-6.93253570
-7.56640846
-7.59801129
-7.42782057
-7.04268220
-6.93085640
-7.49404870
-7.44467534
-7.20937800
-7.49499551
-7.24050134
-7.60996028
-7.30173021
-7.53332813
-7.72369490
-7.20647732
-7.15873654
-7.76985037
-7.61206877
-7.77020278
-7.14786441
-8.00620804
-7.21608104
-7.22326550
-7.54237752
-7.11812156
-7.04686347
-7.05510639
-7.62338712
-7.35246956
-7.11631509
-6.74582010
-7.07852936
-7.64079494
-6.96910073
-6.99524823
-6.74683887
-6.78836105
-7.83947483
-7.67740673
-7.10426615
-7.34278796
-7.29082957
-7.60337447
-7.84548698
-7.14786135
-7.31491891
-6.99459271
-7.44680797
-7.62474264
-7.35966959
-6.84115880
-7.55953269
-6.80622978
-6.77220011
-7.38751846
-6.63684361
-6.88236412
-6.85648591
-7.15312682
-7.30359917
-7.15026378
-7.52915295
-7.68044024
-6.84090647
-7.59112695
-6.88686136
-6.75707551
-6.74765797
-6.98913137
-7.46770786
-7.68564438
-6.77922603
-6.69548476
-7.70802909
-6.86204673
-7.46096460
-6.67661246
-6.89301493
-6.87382748
-6.91661145
-6.76971242
-7.50148489
-7.37593081
-6.88509524
-6.84158258
-7.64369875
-7.50184531
-7.44028215
-7.58376482
-7.56668336
-7.24278719
-7.27109876
-7.79665932
-7.86096541
-7.35865340
-7.95197506
-7.22777362
-7.21287079
-7.77743791
-7.87997668
-7.23078736
-7.76485949
-7.26458367
-7.75115107
-7.46582863
-7.60000008
-7.20016441
-7.39274274
-7.49578074
-7.57319945
-7.31858637
-7.87601835
-7.86284946
-7.88140834
-7.33472146
-7.23929133
-7.83006507
-7.72532845
-7.87755772
-7.79676462
-7.64615118
-7.70010286
-7.86486939
-7.26296568
-7.82011842
-7.75354842
-7.27007086
-7.30985974
-7.59519042
-7.67762990
-7.47893102
-7.00678562
-7.19457556
-7.30926646
-7.76973386
-7.50553928
-7.75060295
-7.63492953
-7.35598307
-7.15776466
-6.97222691
-7.10041934
-7.77661464
-7.12445963
-7.69251072
-7.63787146
-7.62530027
-7.23943427
-7.69847394
-7.14883115
-7.29559081
-7.10181664
-7.01017506
-6.98176896
-7.14266863
-7.57826472
-7.66451790
-6.94843584
-7.10334222
-7.30627114
-7.37952598
-7.05805605
-7.10704232
-7.23754710
-7.52413151
-7.06724320
-7.68513505
-6.94977524
-7.16820643
-7.09987203
-7.78550162
-6.79040531
-7.47096379
-6.97295061
-6.99772777
-7.36826996
-7.18099656
-7.66590299
-7.08387153
-7.40209769
-7.20771072
-7.58090702
-7.55372281
-6.78792300
-6.95595111
-7.55923867
-7.41178460
-7.66565863
-7.12829270
-7.73608219
-7.19433235
-7.29042412
-7.04635610
-7.78248712
-7.73603566
-7.32151245
-6.78633299
-7.56558023
-7.48680509
-7.64686654
-7.39453002
-7.83914816
-7.23828016
-7.76261825
-7.87290485
-6.84896492
-7.83245460
-7.47189806
-7.13712674
-7.21245305
-7.76523104
-7.52046162
-6.97097564
-7.43577763
-7.19050630
-7.32859412
-7.39900859
-7.20288661
-7.32802185
-7.36064903
-7.81247043
-7.51690251
-6.97659835
-7.03164540
-7.89882546
-6.90378162
-7.66372560
-7.89765667
-6.96954852
-7.83750269
-7.02833082
-7.41614039
-7.98834504
-7.68061589
-7.26587331
-7.39911878
-7.54013038
-7.72254593
-7.72254593
-7.32409537
-7.03245055
-6.92692702
-7.06960156
-7.21331036
-7.17386738
-7.66564247
-8.01112742
-7.69460415
-7.60604391
-8.14490317
-7.29181924
-7.09339712
-7.27692292
-7.56387766
-7.48458945
-7.94487488
-7.56056397
-6.84399511
-7.92896751
-7.63265625
-7.21562757
-8.02896865
-7.88574635
-7.58284363
-7.98683736
-6.89590728
-7.29309305
-7.41822167
-7.68389755
-6.85585221
-7.63399550
-7.95007232
-6.84683752
-7.99819090
-6.94252276
-6.91954520
-7.06758196
-7.68263990
-7.75536120
-7.40439533
-8.04845481
-7.70058326
-6.76411964
-7.16260275
-7.09958785
-7.04107447
-6.87768933
-7.62883911
-7.50408516
-7.32313499
-7.51399781
-7.02402580
-7.03160964
-7.23668382
-7.48434025
-7.26223892
-6.90635553
-7.36567848
-7.90973498
-7.79873866
-7.05559308
-7.46551349
-7.18789606
-7.77519963
-7.69797956
-7.79047741
-6.88811997
-7.51911620
-6.80824223
-7.76851614
-7.20077987
-7.72364461
-8.00976400
-7.85315548
-7.56648637
-7.28155328
-7.47785995
-7.68900989
-7.77868437
-7.69275604
-7.14035559
-7.07792507
-8.00408213
-7.11167126
-7.06577223
-7.73148074
-6.84900282
-6.89229431
-7.85734892
-7.22530336
-7.81511012
-6.99939402
-7.17544541
-7.57207493
-7.98145053
-7.29851719
-7.40243417
-7.26837703
-7.70288693
-7.37013809
-7.64258284
-7.29609499
-7.89912869
-7.36994127
-6.96557099
-7.27351393
-7.59971615
-7.93136555
-7.53949253
-7.08123936
-7.83936868
-7.55198198
-7.03869590
-7.32055471
-7.68114739
-7.29146777
-7.80545919
-7.90225402
-7.51809332
-7.35152637
-7.34009314
-7.18616970
-7.36134572
-7.70290448
-7.59613516
-7.81794091
-7.52064256
-8.00110458
-7.14842099
-6.94972669
-7.46736379
-7.71091102
-7.71869269
-7.12015948
-7.58986273
-7.19895503
-7.75413773
-7.70430788
-6.75451950
-7.16885317
-7.86908457
-7.39491341
-6.70311999
-6.70125785
-6.92238924
-7.50212105
-7.58479670
-7.12706425
-7.21681880
-6.73670212
-7.57541326
-7.54471791
-6.62493061
-7.69527409
-7.23359694
-6.89909483
-6.83937401
-6.84528980
-7.59552504
-7.66559405
-6.65477903
-7.26852341
-6.86764162
-6.68796177
-7.68195126
-7.58822540
-7.54602265
-7.65938005
-6.99562011
-6.66372700
-6.70700937
-6.72503377
-7.50815522
-7.46316095
-7.40452286
-6.85195699
-6.82464161
-6.81858879
-6.82394536
-7.40831093
-6.65589434
-6.81834253
-6.73127029
-6.79387744
-7.61861819
-6.74972229
-7.56193006
-7.66103367
-7.22613323
-7.33392008
-7.28104208
-7.24442791
-7.20030487
-7.25145258
-7.27546317
-7.73838564
-7.22306185
-7.27146873
-7.35991307
-7.36530908
-7.24325369
-7.25558937
-7.73061043
-7.24150587
-7.44966644
-7.74039890
-7.77690313
-7.43872232
-7.38253309
-7.65452726
-7.41349748
-7.39610925
-7.39274274
-7.68884164
-7.34676125
-7.24146798
-7.33740728
-7.33359366
-7.60694427
-7.25077165
-7.41664242
-7.57744851
-7.86228543
-7.31768974
-7.27233754
-7.70122102
-7.71594164
-7.29734160
-7.76873393
-7.29467943
-7.16753519
-7.57715365
-7.67918845
-7.64753954
-7.40039356
-7.76916610
-7.63553821
-7.18755018
-6.94962382
-6.92886026
-7.86852962
-6.91484116
-7.59884741
-7.30260562
-6.90470428
-7.52681552
-7.61956495
-7.55790450
-7.05637542
-7.61191822
-7.72822131
-7.83498749
-6.98116200
-6.88982600
-7.15590133
-7.10043073
-7.69700643
-7.52119023
-7.19207969
-6.99236047
-7.23471598
-7.41152712
-6.90888087
-7.72912082
-7.09662538
-7.61177900
-6.97017811
-6.84932410
-7.44694922
-7.57354931
-7.62479579
-7.46331304
-6.94049839
-7.19642903
-7.43101839
-7.44900179
-7.71430406
-7.74974620
-6.85367926
-6.87310993
-7.35290391
-7.51384023
-7.38013053
-6.89503839
-6.83313914
-7.19510138
-7.26972491
-7.27409689
-7.03351543
-7.39148115
-7.46951637
-6.80004181
-6.79097783
-7.47366807
-7.59339845
-6.81600775
-7.80463067
-6.92140491
-6.95893558
-7.83405027
-7.33453745
-7.15593274
-7.38742521
-7.25143070
-7.26243124
-7.16643838
-7.72706035
-6.77808868
-6.88138811
-6.80274977
-6.85004902
-7.82411189
-6.85215683
-6.75863164
-7.60570071
-7.31515084
-6.97996350
-7.26013371
-7.48762099
-7.86776772
-7.01324140
-6.85591875
-6.84505743
-7.30626448
-7.13653094
-7.52957616
-7.88017414
-7.01967401
-7.29703665
-7.33247205
-6.86770217
-6.76886396
-7.80043093
-7.51360172
-7.54580294
-7.04238094
-7.24390630
-7.76425887
-7.39392442
-7.39829364
-7.43991717
-7.31745166
-7.09741687
-7.82337463
-6.83907075
-6.94010366
-7.18205176
-6.90950448
-7.01163643
-7.44958479
-7.60468728
-6.83571455
-7.49271746
-7.66363131
-7.17266112
-7.75540554
-7.34353821
-7.64436905
-6.90513317
-7.63235646
-7.20803111
-7.56573626
-7.67283962
-7.30179661
-7.21016578
-6.84407929
-7.09157217
-7.25757827
-7.43940469
-7.11273749
-6.94072628
-7.23459298
-7.90159541
-7.31977573
-8.02407585
-7.45191174
-7.10126716
-7.61312329
-7.10292647
-7.35586302
-7.46237352
-7.92509171
-7.97203026
-6.79999629
-7.69825212
-6.95385601
-7.03441975
-7.16828861
-7.16675291
-7.83972503
-7.52387114
-7.79493748
-7.11627829
-7.03202804
-7.32493720
-6.79446912
-7.09213987
-7.75778102
-7.55984596
-7.61066387
-7.00745736
-6.85110586
-6.88725588
-6.87958841
-7.95108362
-7.55816810
-7.66563825
-8.04558057
-7.46246218
-6.94756086
-7.28961445
-6.82146733
-7.40562826
-6.87653588
-7.97123329
-7.04036400
-7.65463466
-7.99856333
-6.86190311
-8.07942232
-7.71317944
-7.10762212
-7.32877009
-8.04384403
-7.94210636
-8.07985380
-8.05971361
-7.40105215
-7.68449667
-6.89893239
-6.88061104
-7.45342295
-7.82725301
-6.95152558
-7.02619205
-6.85049041
-7.41229725
-6.97184828
-7.41493430
-6.86575962
-7.32861858
-7.78450222
-7.00447988
-7.36131779
-7.19471375
-7.25800100
-6.87218121
-7.08325131
-7.17293032
-6.90888831
-7.75335933
-6.89843535
-7.96538601
-7.71830517
-7.22890934
-7.53026567
-7.00106053
-7.69086450
-7.90143582
-7.93745688
-7.44600338
-7.67448720
-7.47270997
-7.12390437
-7.55794070
-7.12654135
-6.77419613
-7.08402932
-7.98392028
-7.23463334
-7.87612946
-8.02806879
-7.35067301
-7.34230164
-7.27687583
-7.21814836
-7.98099934
-8.08386267
-7.02530684
-6.83340499
-7.23129886
-7.79883191
-6.86923623
-6.79335554
-7.35198397
-6.75059373
-6.78226589
-6.79591419
-6.79102290
-6.86487674
-7.03306523
-7.69046826
-7.64456198
-7.24753431
-7.19325865
-8.01646275
-6.98665252
-7.37475601
-7.81839484
-7.31575736
-6.89834409
-6.87817204
-7.28454200
-7.17471103
-7.32549217
-7.19870939
-7.47589785
-7.27625504
-7.09739371
-7.00352704
-7.21168821
-6.83333514
-7.72035629
-7.51621480
-7.29482723
-7.82480202
-7.37560657
-8.04630072
-8.04250672
-7.45761772
-7.37120147
-7.09934878
-7.41995124
-7.11904083
-6.89421109
-7.03316403
-7.03100861
-7.91274432
-6.96703779
-6.92027321
-7.72651640
-7.58869797
-7.37590642
-7.31804243
-7.23684701
-7.75336166
-7.25665001
-8.01159817
-7.42489415
-7.57371184
-7.37081685
-7.10456661
-6.74452257
-7.44750185
-8.08218449
-7.73536495
-7.58526393
-7.42887438
-7.27062260
-6.96309822
-7.46390258
-6.97997964
-7.48441584
-7.82256131
-7.93537406
-7.62009058
-7.05923473
-7.30867500
-7.96049081
-7.14663909
-7.96272835
-7.15764982
-7.52975317
-7.24352682
-7.24247611
-7.34476615
-7.05787647
-7.04867810
-7.44318353
-7.59969289
-7.01456720
-7.52683094
-7.33914782
-7.19231689
-6.99052784
-6.99653673
-7.59075500
-7.60278607
-7.92795064
-7.07514916
-7.33948765
-7.86822868
-7.75656149
-7.96904288
-7.90221004
-7.76035225
-7.36645987
-7.53693724
-7.76947159
-7.12691990
-7.12691990
-7.43554127
-7.52540876
-7.44163135
-7.14210513
-7.65734961
-6.97094357
-7.31827747
-7.13104443
-7.11741937
-7.20398145
-6.95311640
-6.92102142
-6.87940108
-7.16732178
-6.90184703
-7.38886660
-7.39668255
-6.99145040
-7.31449058
-6.97130711
-7.00832159
-7.37479020
-7.22625776
-6.95965192
-7.27834187
-6.60823444
-7.74911701
-6.84698493
-6.81881900
-6.70730119
-7.33736328
-7.52614157
-6.70113766
-7.08529663
-7.12786472
-7.42691556
-7.20962886
-6.58567544
-7.23959024
-6.64388730
-6.92704954
-6.91206352
-6.61314187
-6.80818572
-6.64648835
-6.73143063
-6.58953117
-6.96024665