X2
-7.28805069
-7.29997451
-7.72307267
-7.19453932
-7.76507691
-7.43124658
-7.83699561
-7.79554048
-7.73151250
-7.48010188
-7.80626121
-7.86846158
-7.25584964
-7.82261146
-7.79963578
-7.29286459
-7.31353669
-7.24531716
-7.31515326
-7.49576088
-7.25018759
-7.53441596
-7.47381329
-7.36470688
-7.26591153
-7.59758911
-7.34491488
-7.21119878
-7.50093529
-7.83974398
-7.88830098
-7.39993341
-7.63019716
-7.46700401
-7.23396974
-7.32728878
-7.46691748
-6.95454874
-7.16128315
-6.94972447
-7.52798596
-6.96823813
-7.29388309
-7.41172410
-7.67871145
-7.78603032
-7.15308548
-7.24524671
-7.60653972
-7.73245855
-6.90480751
-7.48530963
-7.03682754
-7.32866166
-7.80187068
-7.49178838
-7.30954753
-7.54966000
-7.49725260
-6.99797872
-7.02905116
-7.64677376
-7.41538763
-7.14741644
-7.62713569
-7.72643556
-7.41043327
-7.01698251
-7.01086135
-6.94603471
-7.50098075
-6.83240396
-6.84599544
-7.45616933
-7.22483776
-7.00864883
-6.82846718
-7.40260106
-7.17275511
-7.07555492
-7.23659663
-7.19781937
-6.83240396
-6.78907591
-7.39972968
-7.49087273
-6.83038115
-7.60111372
-6.80692970
-7.06025954
-7.22823860
-6.95250099
-7.16713145
-7.12225367
-7.73752483
-7.49125179
-6.98190556
-7.10797893
-7.35975150
-7.07683383
-6.82025770
-7.62933334
-6.98840321
-7.32075435
-7.61018985
-7.69917794
-6.90536795
-7.07513773
-7.46493947
-7.82907867
-7.73301643
-7.26554018
-7.66849505
-7.41776667
-7.06733951
-7.20485498
-7.55380907
-7.62415912
-7.22936122
-7.87591148
-7.55148747
-6.94490167
-7.31288165
-6.77890857
-7.03057160
-7.28990432
-7.86601637
-7.04529117
-7.70491904
-7.31230976
-6.91084766
-7.03591349
-7.31270032
-7.34383478
-7.10584674
-7.69497621
-7.84903698
-7.20399763
-7.62448971
-7.01678607
-7.49562026
-7.01352548
-7.37655778
-7.33780227
-6.87201071
-7.43114296
-7.39066490
-7.41316948
-7.41196958
-7.68006631
-7.43822105
-7.79164913
-7.44588864
-6.83208670
-6.80969264
-6.97452180
-6.97130200
-6.81620024
-6.95492504
-7.30706206
-6.93241474
-6.82432250
-6.83302474
-6.88582992
-7.58499678
-7.73463110
-7.26596284
-7.35664159
-7.70182790
-7.33316848
-7.56911167
-6.95142750
-6.91681622
-6.85629681
-7.07908807
-7.81048498
-7.65429476
-7.67990256
-7.70887559
-6.97486111
-7.51272639
-6.93591702
-7.00643194
-7.19923107
-7.51644644
-7.83829973
-7.76288833
-7.41426253
-7.71913602
-7.13782260
-7.49182930
-7.83056491
-7.01995873
-8.01308173
-6.92923157
-6.87668019
-7.60168044
-7.98952827
-7.66009962
-7.70811994
-7.61304533
-7.86004973
-6.93236326
-7.64686842
-7.02076998
-7.61569061
-6.87919530
-7.38181351
-6.94975143
-7.05011108
-7.49166664
-7.43957962
-7.65387897
-7.28664078
-7.42477392
-7.01399408
-7.39102350
-7.93856128
-7.35106717
-7.79591327
-7.91175070
-7.38770968
-7.55266478
-6.91781342
-7.22108009
-6.88609691
-7.53131772
-7.52636920
-7.46351152
-7.11055112
-8.00299903
-7.72308845
-6.97070343
-7.47707736
-6.86785183
-8.11495968
-7.13990249
-7.41047613
-7.47432307
-7.06120145
-7.74592666
-7.70381584
-7.44258300
-7.69016942
-7.31419245
-7.13543379
-6.78684895
-7.05240671
-7.31023595
-7.28836972
-7.34145375
-7.66004533
-7.04300615
-7.66056644
-7.73327646
-6.83909126
-6.92500268
-7.98797914
-7.08284194
-7.39601147
-7.64779400
-7.87151630
-7.42310364
-7.76103490
-7.72164057
-6.89299416
-7.66149786
-6.98588930
-7.31929705
-7.95725733
-7.98399671
-7.90092416
-6.87436369
-7.53182361
-7.13334920
-7.85440076
-7.26456029
-6.77914280
-7.39127754
-7.05848535
-7.04320707
-7.85165038
-7.80346719
-7.43827002
-7.04730444
-7.47542155
-7.91663281
-7.09201712
-7.79196698
-8.05118597
-8.07736339
-7.42718976
-7.89140910
-7.49223441
-6.80833627
-6.79395192
-7.60752578
-8.06307802
-6.89517045
-7.27018485
-6.98965893
-7.92408417
-6.84206007
-7.80544314
-7.47621123
-7.36079679
-6.79880032
-7.68617568
-6.99172899
-7.51878770
-7.19778208
-7.67620320
-7.96119231
-6.95485601
-7.27967601
-7.38839714
-7.66796670
-7.84411615
-6.82803340
-7.35397394
-7.77517978
-7.97317287
-7.95013326
-7.39324622
-6.99997027
-8.02832300
-6.77516451
-7.17719348
-7.00062772
-7.59935484
-7.67924874
-7.41009524
-7.35373817
-7.63712481
-7.88597285
-6.88719514
-7.67866506
-7.15562748
-7.12293360
-7.23166056
-7.81312201
-7.62382973
-7.13355104
-7.62382973
-7.50781456
-7.18613803
-6.99578226
-7.01396771
-7.06623671
-7.38964909
-7.05489676
-7.22977890
-7.34085919
-7.92905678
-7.74349795
-6.81074316
-6.84704475
-7.91097975
-6.79983386
-8.07178475
-6.98740984
-8.03345509
-7.34021666
-7.42440413
-7.24111349
-6.90410270
-6.89868126
-7.17216896
-7.17690610
-7.21260297
-7.77340941
-7.52049132
-7.70061651
-7.15886905
-7.72352135
-7.94082978
-6.96403756
-7.86744859
-7.56971585
-7.34646260
-7.12804143
-7.32888844
-7.94624027
-8.09509918
-7.44270086
-7.01968604
-7.58879557
-8.08850756
-7.90842144
-7.72449961
-7.59255893
-6.99779074
-6.93199543
-7.21656350
-7.40257898
-7.67247977
-7.20932731
-7.46982478
-7.56013948
-7.23778548
-6.99361703
-7.87767093
-7.81299015
-6.99961982
-7.25630286
-7.46262459
-7.64054357
-7.10139538
-7.20976113
-7.57472096
-7.53479406
-7.56317392
-7.93222689
-7.46090014
-6.96055210
-7.04357938
-7.04363520
-7.79092012
-7.54506358
-7.52422223
-7.33480788
-6.91549792
-7.60035988
-7.21762146
-7.40544175
-7.28272721
-6.93719604
-7.44260073
-7.10859118
-7.62045258
-7.17911607
-7.24542462
-7.39772632
-7.80066077
-7.59803086
-7.59901258
-7.69056843
-7.49608524
-7.43861585
-7.35858281
-6.84898579
-7.28087635
-6.73170335
-7.16259635
-7.23376425
-7.60653517
-6.92491243
-7.78182725
-6.94012187
-7.15751639
-7.78345380
-7.39187736
-7.53803519
-7.65690601
-7.47452411
-6.84804900
-7.00341867
-7.51935736
-6.95796645
-7.64102596
-6.77072379
-7.52361324
-7.44259795
-7.30618466
-6.87417901
-7.59047393
-6.78173706
-7.50108042
-6.79361589
-7.67470657
-6.73586790
-7.68834977
-6.68172652
-7.51310787
-6.82527818
-7.44455538
-6.92792310
-6.76920300
-6.88854394
-6.74377581
-7.59840276
-6.62845022
-7.63061003
-7.51169146
-7.46517861
-6.81216866
-7.47220079
-7.56247552
-7.50098251
-7.52016423
-7.52333715
-7.29630285
-7.28890082
-7.21359840
-7.86030195
-7.79635713
-7.61573639
-7.25677931
-7.71237999
-7.72636706
-7.66635029
-7.31931142
-7.86751892
-7.73662918
-7.67493099
-7.39266880
-7.46201572
-7.53249543
-7.53119881
-7.60766227
-7.32996716
-7.60782359
-7.81174088
-7.68780054
-7.74896568
-7.23266010
-7.00431034
-7.69337498
-7.14810330
-7.18810923
-7.40393459
-7.29426581
-7.15728520
-7.43995710
-7.52672086
-7.11406946
-7.59976289
-7.36172545
-7.63610824
-6.92175362
-7.78103804
-7.65746978
-7.45563746
-6.94338984
-6.79247948
-7.49549812
-7.15119451
-6.84103617
-7.55000787
-7.50731006
-7.28184521
-7.75229664
-7.16020549
-6.98214715
-7.11348897
-7.55156030
-7.63835169
-7.46342999
-7.60564733
-7.39907728
-7.43189480
-6.76347179
-7.54308580
-6.95286322
-6.87377296
-7.42692482
-6.82768226
-6.97122328
-7.17828368
-7.70638051
-6.89987471
-6.94789770
-7.04008649
-7.71891875
-7.52345132
-7.42214703
-7.36263293
-7.46316094
-6.88430760
-7.61757846
-7.30620466
-7.57168645
-7.65294727
-7.07259208
-6.85293560
-7.39201943
-6.91925718
-6.85173246
-6.83007990
-7.48003656
-7.59464003
-6.91469813
-7.16627388
-7.10895692
-7.39344024
-6.94246852
-7.45950889
-7.68406064
-7.09101713
-7.57372842
-7.41420553
-6.97988215
-6.97692716
-6.92084535
-7.18048084
-7.07916255
-7.15559177
-7.75278214
-7.72917217
-7.64818486
-7.18648566
-7.68974036
-7.00797432
-6.99002665
-7.18655910
-7.10254851
-7.15644907
-6.88827139
-7.46892914
-6.84719143
-7.49449512
-7.56903620
-7.39621968
-7.72670571
-7.05089545
-7.30093184
-7.62331026
-7.28587539
-7.78613530
-7.58343442
-7.43806054
-6.79992074
-7.70078445
-7.87745812
-7.41371742
-7.01555495
-7.17583079
-8.02157936
-6.95036066
-7.65591895
-7.06822049
-7.05324195
-7.06550429
-7.02013693
-7.29136450
-6.95930597
-7.28450647
-8.00455396
-6.96320243
-8.00907519
-7.56150789
-7.09316057
-7.28404383
-7.41039076
-7.74447323
-7.08439514
-7.33276238
-6.86078352
-7.93559185
-7.89400994
-7.15537695
-6.81029245
-6.99857201
-6.92472866
-7.42499424
-7.73754320
-6.86150376
-7.22492961
-7.40886934
-7.96244021
-7.62110250
-6.88005452
-6.98868267
-7.04719776
-7.45832493
-7.49779998
-6.89288599
-6.88536728
-6.87499145
-7.06325523
-7.10727370
-7.12301821
-7.63794253
-6.90123459
-7.65874945
-7.56971282
-7.48403086
-7.66256565
-7.21043540
-8.11245835
-7.47348584
-6.79064691
-7.06222759
-7.42358735
-6.80364974
-6.85311998
-7.12024642
-6.81626817
-7.98774487
-6.81662580
-7.41581230
-7.81384690
-7.99375683
-7.35675019
-7.48470607
-7.00190726
-7.17301286
-7.61609659
-6.81169644
-7.38696859
-7.72808320
-7.37694691
-7.18659204
-7.91336052
-7.04906308
-7.16963294
-7.50315545
-8.07346810
-7.15032270
-7.20110638
-7.70647751
-7.50509673
-6.76232902
-6.84457554
-6.80684017
-6.92296079
-7.23786546
-7.08776665
-6.93924711
-7.06328199
-7.07346482
-7.05690615
-7.19828515
-7.98468668
-7.45190802
-7.62038452
-6.82413596
-7.39389237
-8.04318305
-7.08341841
-6.90800574
-7.49075105
-7.30695816
-7.09551830
-7.09259297
-6.86604582
-8.00699477
-6.93237579
-7.36260982
-7.24670609
-7.01486411
-6.89669691
-7.75207323
-7.90523267
-8.08141327
-7.13870649
-7.38446101
-7.72311006
-7.08117537
-7.28433556
-7.38606242
-7.19106841
-7.52393789
-7.16454645
-6.94284761
-7.46551349
-6.76747696
-8.02437081
-6.80124832
-6.97677219
-6.95977195
-7.39855640
-7.29018438
-7.26142402
-7.11485723
-7.65240216
-6.91866317
-7.00298398
-6.97872133
-7.25320338
-7.12267884
-7.45418894
-7.49027102
-7.35518009
-7.62422563
-7.36874907
-7.44865211
-6.93547172
-7.12203638
-7.26694971
-7.95788157
-6.86349656
-7.21797182
-7.18646765
-7.01881810
-7.06226447
-8.04003194
-7.62841537
-6.94611316
-7.39855375
-7.11276460
-8.10571591
-7.58782734
-7.34099331
-7.82151544
-7.95959892
-8.00268077
-8.01196272
-7.87512066
-7.13158413
-7.16251030
-8.01407694
-7.67966985
-7.80295251
-6.99049323
-7.52095034
-7.79997731
-7.77545661
-7.58633572
-7.15942226
-7.42851129
-8.07870139
-6.98786891
-7.51805880
-7.61569405
-7.39647316
-7.00463144
-6.97303870
-7.46819039
-7.48417959
-7.18075736
-7.52309534
-7.27347950
-7.56111413
-7.34671883
-7.51986468
-7.75663831
-7.16089814
-7.19602739
-7.75600987
-7.58563687
-7.80477836
-7.14157023
-7.97818924
-7.24692834
-7.18147121
-7.50831250
-7.08990871
-7.09627579
-7.09246689
-7.58005020
-7.33421288
-7.09858411
-6.72099101
-7.03520728
-7.61930158
-6.94697944
-7.03168301
-6.72414812
-6.74724205
-7.80002222
-7.63835450
-7.08425996
-7.37418541
-7.26380094
-7.64777628
-7.81963503
-7.09957951
-7.29933365
-6.96432062
-7.45577933
-7.57591993
-7.39098339
-6.86711334
-7.52164831
-6.76534790
-6.80138890
-7.36872927
-6.67150826
-6.84868763
-6.81288240
-7.12231606
-7.33983995
-7.19974326
-7.56700742
-7.66768524
-6.76907763
-7.55868203
-6.85372060
-6.78515325
-6.78511194
-6.95669054
-7.48924610
-7.71535684
-6.82093881
-6.66955427
-7.77558467
-6.82391930
-7.43337486
-6.64140887
-6.85874919
-6.83963306
-6.84604203
-6.74196234
-7.44707615
-7.41161394
-6.92192395
-6.81602472
-7.66247244
-7.44961542
-7.47542510
-7.61568156
-7.61668924
-7.25784907
-7.27254677
-7.87063544
-7.89144363
-7.39397686
-7.92587148
-7.23684331
-7.18192113
-7.80734702
-7.90389247
-7.21573286
-7.84054787
-7.24622210
-7.78489504
-7.44144703
-7.64131289
-7.25078708
-7.40021219
-7.46645265
-7.62436582
-7.33037965
-7.93754833
-7.89606003
-7.90258351
-7.32946530
-7.26311994
-7.86821378
-7.76289057
-7.91567780
-7.84684139
-7.69842356
-7.73924904
-7.89643581
-7.24348407
-7.83200032
-7.79275593
-7.27027551
-7.34462006
-7.61470901
-7.73696470
-7.52198998
-6.96759279
-7.16689725
-7.34459786
-7.79910409
-7.54914244
-7.78876105
-7.67303333
-7.38200412
-7.18600896
-7.00211892
-7.13526099
-7.76309263
-7.18048069
-7.67570871
-7.60633766
-7.59044398
-7.19588062
-7.75083799
-7.18960266
-7.32373628
-7.14216212
-7.03950075
-7.01657081
-7.17805587
-7.63487205
-7.72340668
-6.98051300
-7.12939197
-7.27031525
-7.39899475
-7.10276205
-7.07277964
-7.25264485
-7.55728095
-7.12008176
-7.73641945
-6.91170783
-7.22329921
-7.13794411
-7.83078461
-6.82188174
-7.48773898
-6.94143548
-7.02976285
-7.32362439
-7.14396283
-7.68541104
-7.10717932
-7.43363770
-7.24303794
-7.53358768
-7.58410976
-6.80781560
-6.98357783
-7.60881307
-7.45420441
-7.63900988
-7.08306233
-7.77427419
-7.16063244
-7.24952276
-7.08443263
-7.75750884
-7.70498654
-7.29988384
-6.86200560
-7.61015604
-7.44643717
-7.68337638
-7.38224746
-7.85922122
-7.27038575
-7.82525994
-7.83580615
-6.79606439
-7.86131991
-7.49690302
-7.18276110
-7.24731985
-7.80936083
-7.53396527
-7.00527772
-7.48702080
-7.23302578
-7.36455234
-7.43716584
-7.24817238
-7.35685308
-7.32143808
-7.79347339
-7.54520835
-7.01351953
-7.08189236
-7.85732475
-6.94580888
-7.61962351
-7.95333897
-7.01023253
-7.90953021
-7.04725691
-7.45436497
-8.02272785
-7.63862107
-7.31004459
-7.43673914
-7.56897336
-7.69318278
-7.77337340
-7.29910575
-7.03933942
-6.98419919
-7.10221192
-7.27205640
-7.20701701
-7.65436836
-8.10719499
-7.72788473
-7.60808015
-8.10835203
-7.29215741
-7.12098168
-7.31124857
-7.59324558
-7.47340110
-7.98195887
-7.57626578
-6.80255310
-7.96432883
-7.67252258
-7.24991355
-8.06829293
-7.91628871
-7.55295533
-7.94539645
-6.91696565
-7.32083504
-7.45534375
-7.71771542
-6.88960766
-7.61007636
-7.97185041
-6.88227636
-8.03035629
-6.96620173
-6.92751730
-7.04095210
-7.71370685
-7.79735395
-7.43269248
-8.09703980
-7.73111732
-6.79507353
-7.17771009
-7.06642364
-7.00278855
-6.89268496
-7.66266382
-7.46862725
-7.29044159
-7.47808926
-7.05925055
-7.06750889
-7.27208734
-7.51097002
-7.29274502
-6.94500125
-7.37421439
-7.87700781
-7.82159830
-7.09958728
-7.43003694
-7.22429541
-7.78982623
-7.66033326
-7.82812822
-6.93170135
-7.55238373
-6.85065260
-7.81114118
-7.20984043
-7.73661645
-8.03978055
-7.88316604
-7.61286515
-7.31855090
-7.49464525
-7.72389362
-7.82131368
-7.67813526
-7.17574221
-7.10336362
-8.04395408
-7.09878634
-7.09626805
-7.77294922
-6.80910962
-6.84650493
-7.90746972
-7.19810099
-7.75279193
-7.03465410
-7.21148221
-7.54489682
-8.02845584
-7.34701255
-7.42963179
-7.30494557
-7.71529270
-7.40667195
-7.67201841
-7.32112428
-7.86584977
-7.34110030
-7.01804792
-7.32422096
-7.63467445
-7.90573173
-7.56888077
-7.11832939
-7.88857503
-7.51377154
-7.06133507
-7.38541335
-7.72380359
-7.35527258
-7.82281287
-7.86458184
-7.56553903
-7.30742615
-7.38538366
-7.18255981
-7.41000786
-7.73726304
-7.56450172
-7.87252556
-7.57252876
-7.97714383
-7.14489809
-6.99663241
-7.42687689
-7.67155092
-7.68484965
-7.07585066
-7.62424612
-7.22725406
-7.79667352
-7.74362617
-6.79378576
-7.22283521
-7.83744276
-7.42487963
-6.73728383
-6.67300678
-6.96065386
-7.47762982
-7.62411598
-7.15539184
-7.23961410
-6.77383844
-7.54098324
-7.59005551
-6.65927322
-7.72912396
-7.21080849
-6.88679298
-6.87647364
-6.79432464
-7.59532927
-7.66486922
-6.68791848
-7.30837528
-6.88745232
-6.66467955
-7.70249750
-7.60285710
-7.59139896
-7.64156212
-6.96625194
-6.69301108
-6.74346396
-6.76153715
-7.54305752
-7.42044324
-7.38496607
-6.88741979
-6.87029033
-6.85732653
-6.79288032
-7.37940609
-6.68140929
-6.77577376
-6.69691093
-6.84071353
-7.63652901
-6.69523678
-7.60123500
-7.63375173
-7.21597888
-7.31898793
-7.29283681
-7.25564007
-7.22378567
-7.26422085
-7.27307451
-7.74743679
-7.23376940
-7.27224414
-7.33943110
-7.34877962
-7.25115563
-7.25139691
-7.73404281
-7.23369998
-7.45221027
-7.75714814
-7.78629629
-7.44947165
-7.38166830
-7.64669878
-7.40293969
-7.39155042
-7.39966433
-7.68704248
-7.34533599
-7.24008604
-7.32891742
-7.31749801
-7.60514081
-7.26033836
-7.42553683
-7.57401077
-7.85830598
-7.30969366
-7.26439081
-7.71854835
-7.70652595
-7.32066670
-7.76563515
-7.28239417
-7.15802605
-7.56858203
-7.66788276
-7.65766947
-7.39689536
-7.75892595
-7.61684652
-7.17535165
-6.93892336
-6.91385386
-7.87496127
-6.89906004
-7.59157791
-7.29794284
-6.91658268
-7.51354264
-7.64268270
-7.54520684
-7.03582422
-7.60085030
-7.70333597
-7.85038228
-6.96676471
-6.90185257
-7.16701953
-7.15590133
-7.69522034
-7.52189303
-7.19935976
-6.99257082
-7.22521014
-7.38901662
-6.91949644
-7.77875401
-7.08115983
-7.64059460
-6.96718833
-6.87840052
-7.45170288
-7.55265857
-7.62880381
-7.46149295
-6.91463484
-7.20045373
-7.41991907
-7.44599579
-7.69779264
-7.73486391
-6.84532385
-6.86841235
-7.35107483
-7.50417232
-7.37502396
-6.91385915
-6.83346911
-7.21677077
-7.27372057
-7.28919371
-7.00870746
-7.40550941
-7.48519353
-6.77289521
-6.77645242
-7.49999824
-7.59863417
-6.82609121
-7.79569619
-6.94684670
-6.94440478
-7.86255420
-7.33541887
-7.14533023
-7.37776817
-7.25707547
-7.25618968
-7.18737590
-7.74218017
-6.79365952
-6.86859452
-6.78064470
-6.86341619
-7.86253350
-6.86389371
-6.75307431
-7.59081302
-7.31751966
-6.94907379
-7.25936964
-7.47865485
-7.85725463
-7.01077422
-6.86826328
-6.82716977
-7.30153996
-7.15473692
-7.52481717
-7.89342744
-7.01450442
-7.31532432
-7.33433816
-6.89552744
-6.76801547
-7.79369621
-7.49573821
-7.55306581
-7.04972699
-7.26223381
-7.76029137
-7.38711730
-7.39740129
-7.42606981
-7.31545145
-7.08287530
-7.79701288
-6.89163610
-6.92999342
-7.17309126
-6.89824565
-7.02507052
-7.45049232
-7.59631101
-6.84257520
-7.50780292
-7.64818486
-7.16531137
-7.72561489
-7.34158406
-7.65598153
-6.89494945
-7.64944520
-7.17502058
-7.56007379
-7.66393045
-7.29820809
-7.19340612
-6.85321003
-7.10884029
-7.23480266
-7.43684827
-7.12714291
-6.92141041
-7.24694841
-7.93989160
-7.31627453
-7.98669915
-7.44662031
-7.10762065
-7.63430097
-7.03182668
-7.36658185
-7.47693580
-7.93309767
-7.96942339
-6.80244604
-7.68060760
-6.99489599
-7.03411295
-7.14397326
-7.15614067
-7.83014059
-7.53774388
-7.77840598
-7.11112724
-7.06565862
-7.29910575
-6.78872895
-7.06078061
-7.74825156
-7.54984329
-7.58594425
-6.99086653
-6.83555803
-6.88261245
-6.87386467
-7.94166698
-7.56620460
-7.66305309
-8.05116762
-7.46554227
-6.96589544
-7.28723319
-6.80481512
-7.39612842
-6.86420184
-7.95470974
-7.04280006
-7.64736154
-7.98752562
-6.86596907
-8.07272450
-7.70426789
-7.10467373
-7.34543890
-8.03060882
-7.94988121
-8.06662440
-8.04201986
-7.41508318
-7.71416263
-6.87464778
-6.90276010
-7.44710418
-7.82547455
-6.97196740
-7.05421540
-6.83791319
-7.39786333
-6.97210395
-7.42877028
-6.85726582
-7.33970135
-7.79999739
-6.98623322
-7.35609227
-7.17147255
-7.28510149
-6.87451904
-7.06978076
-7.18087879
-6.92020412
-7.75262328
-6.87946201
-7.97702221
-7.74430058
-7.24059946
-7.53116876
-6.98334863
-7.69342637
-7.90949597
-7.92907229
-7.46055402
-7.67210424
-7.46761257
-7.10946779
-7.57685061
-7.14921182
-6.77560842
-7.09965511
-7.99141710
-7.23920801
-7.87434397
-8.02927347
-7.34714796
-7.34960606
-7.25411850
-7.23983363
-7.97072530
-8.08047574
-7.00375956
-6.81274013
-7.20486994
-7.80828318
-6.87714615
-6.77997517
-7.36913567
-6.76340775
-6.76996890
-6.80492983
-6.80715148
-6.86534647
-7.03220189
-7.67553374
-7.65205919
-7.24343334
-7.17829911
-8.02173087
-6.96995733
-7.36623322
-7.81546737
-7.30786758
-6.92644219
-6.89050022
-7.25532849
-7.15579908
-7.29554825
-7.17432220
-7.46969462
-7.29295280
-7.06875348
-6.97621538
-7.20764388
-6.84729814
-7.71467014
-7.50771752
-7.30061050
-7.81363610
-7.37323244
-8.04232656
-8.03085255
-7.45033152
-7.34579366
-7.11110567
-7.41523305
-7.11605646
-6.87154962
-7.02142669
-7.01266559
-7.88960615
-6.93269960
-6.90249283
-7.72503596
-7.58229966
-7.38174062
-7.29047076
-7.22775349
-7.74336137
-7.24531653
-8.01445588
-7.42729505
-7.55309668
-7.37977308
-7.09885294
-6.75958538
-7.44452029
-8.08699848
-7.71485172
-7.57242145
-7.44122682
-7.25994274
-6.94641223
-7.44186404
-6.93240148
-7.48641912
-7.79998130
-7.92539044
-7.63008871
-7.05130707
-7.29532425
-7.95135559
-7.15564725
-7.95984677
-7.16290494
-7.51533694
-7.26122128
-7.23406036
-7.32708289
-7.06420032
-7.04074766
-7.42548727
-7.58748477
-7.02958682
-7.53816661
-7.34032403
-7.20851079
-6.95339983
-7.00117138
-7.60736705
-7.62054640
-7.93849253
-7.09130511
-7.32539172
-7.85440323
-7.76984627
-7.96777699
-7.89659673
-7.74419495
-7.34931636
-7.56020181
-7.76742616
-7.13929080
-7.14471103
-7.45212351
-7.51811514
-7.44237169
-7.15632292
-7.65937067
-6.98372279
-7.31355139
-7.14276469
-7.08576959
-7.20047308
-6.90123273
-6.94641223
-6.89909839
-7.16979699
-6.90589063
-7.37601925
-7.39481876
-6.99661226
-7.31403801
-6.94700713
-6.97790061
-7.37015562
-7.24907669
-6.94246837
-7.28411215
-6.60026921
-7.74676360
-6.83566657
-6.83383870
-6.72008956
-7.34685706
-7.53234082
-6.71893687
-7.10248984
-7.12425733
-7.42710964
-7.20008036
-6.59346094
-7.21575694
-6.66872438
-6.93273119
-6.91394987
-6.61132048
-6.80956778
-6.66152602
-6.70865572
-6.59314604
-6.94850141