Y1
8.72867944
8.73869661
8.75100200
8.75871985
8.76982200
8.77071175
8.76353090
8.76453099
8.81627392
8.81435993
8.81937672
8.82334586
8.84045566
8.84545109
8.86462740
8.86876136
8.87636445
8.86741048
8.87908168
8.88001707
8.88750170
8.88890304
8.89894078
8.90209617
8.90074251
8.91010908
8.91453609
8.91819653
8.92492846
8.93040895
8.94411280
8.94900596
8.95250151
8.94934480
8.95742049
8.96593452
8.96380834
8.97776873
8.97338564
8.97069727
8.98430805
8.99249914
8.99464836
8.99412917
8.99884028
8.98803733
8.99555421
9.00573895
9.00836134
9.00282964
9.01164893
9.00728702
9.00366660
9.01098487
9.02580389
9.02686811
9.02843043
9.01838832
9.02852390
9.03547708
9.04801560
9.03719767
9.04118736
9.04112688
9.04364536
9.03702098
9.04671081
9.06112155
9.05394987
9.04281373
9.06721379
9.05997372
9.06058557
9.06850781
9.07072129
9.05772811
9.06800353
9.08886749
9.08998092
9.09985975
9.10863297
9.09993291
9.08823438
9.11019482
9.11495642
9.10883751
9.11800910
9.11862908
9.12492786
9.12737194
9.12226731
9.13278529
9.13407546
9.13807003
9.15475563
9.14739857
9.14336474
9.15813849
9.15940575
9.15963676
9.15813802
9.17448084
9.17396358
9.17812940
9.18523794
9.17902087
9.18347377
9.18220795
9.19233706
9.18762638
9.20196544
9.21099257
9.21146524
9.22239514
9.22778810
9.23022350
9.22900900
9.23575973
9.24322860
9.24606578
9.25827652
9.24884924
9.25022391
9.24349107
9.24874682
9.25395536
9.25521098
9.25098361
9.26365381
9.25718879
9.26670736
9.26348998
9.27672531
9.28135200
9.27897056
9.27882642
9.28176098
9.27197837
9.27478108
9.28228924
9.28565583
9.27735296
9.28192010
9.28554932
9.29235554
9.29356328
9.30425918
9.30003393
9.29906672
9.31258186
9.30018144
9.30981213
9.30610107
9.29754317
9.31527398
9.31783256
9.30971003
9.32181464
9.31449656
9.32240464
9.31989558
9.31865173
9.33119902
9.32822931
9.33165175
9.34244958
9.34865220
9.34803555
9.35605569
9.34530401
9.35648825
9.35458498
9.34515261
9.36277225
9.36841052
9.37194628
9.37381068
9.38208924
9.37619846
9.37319874
9.37869635
9.37575576
9.37817547
9.38196554
9.39262152
9.40260626
9.39814310
9.39725982
9.39556824
9.38935233
9.39856242
9.40379015
9.40062609
9.40216108
9.39360697
9.39592861
9.41195834
9.40559992
9.41725847
9.42666334
9.42499609
9.43237714
9.43001622
9.44272942
9.44070958
9.44958385
9.44636544
9.44572930
9.44948488
9.44677456
9.45600360
9.47311959
9.46367987
9.47081281
9.46455008
9.45907496
9.47025841
9.48199116
9.48152260
9.49047045
9.48001362
9.47457890
9.48194516
9.48402572
9.48954579
9.49344282
9.49954715
9.50185769
9.50163712
9.50190901
9.50683703
9.51872646
9.51568863
9.52443377
9.52337949
9.53923331
9.53311223
9.53662914
9.52985367
9.53697005
9.53566473
9.55237695
9.53243909
9.54091474
9.54746306
9.55261762
9.54732771
9.55594331
9.56420702
9.55549901
9.56820201
9.56903596
9.56786123
9.57353124
9.58030902
9.57094194
9.56875658
9.57276237
9.57399046
9.57615937
9.59278547
9.59869663
9.59652320
9.59180897
9.60120743
9.60160560
9.59285542
9.61301918
9.61420176
9.62015100
9.61615734
9.62621126
9.62293503
9.64881282
9.64040534
9.64425012
9.64387625
9.62494140
9.63949215
9.64384319
9.64481417
9.65668759
9.65165956
9.64580092
9.66319748
9.66981631
9.67970315
9.67661266
9.68066213
9.68413955
9.68075378
9.68307731
9.68720633
9.69424289
9.70734950
9.69859107
9.70013924
9.70779985
9.70959173
9.71335726
9.71398335
9.71388918
9.71684083
9.71946136
9.71796228
9.72841432
9.73276595
9.72977899
9.72906294
9.74580806
9.75741249
9.76227691
9.75582532
9.76416815
9.77085409
9.76315523
9.77157548
9.78253741
9.77637480
9.76254501
9.77577778
9.79382014
9.79321637
9.80023561
9.80298153
9.80325237
9.80495350
9.81206260
9.81708915
9.80639165
9.82423794
9.83224233
9.83240743
9.83635831
9.83831378
9.83911104
9.84542289
9.84503024
9.85344962
9.84873957
9.86600272
9.86723105
9.85681681
9.85714485
9.87434246
9.87496139
9.86634649
9.88772106
9.89635912
9.88151145
9.87315613
9.87840711
9.88079997
9.89350343
9.88628857
9.89400133
9.90567903
9.91682673
9.90039703
9.89854017
9.91786672
9.91852356
9.92525223
9.91635730
9.92579656
9.93191687
9.92652867
9.93523311
9.92425088
9.93641254
9.95321879
9.96010514
9.96811074
9.96488223
9.96907943
9.97224747
9.96760239
9.97715406
9.98155134
9.98981878
9.97387944
9.98693489
9.99639892
9.99659089
9.99774235
9.99547316
9.99246672
10.00635612
9.99649859
10.00109993
10.02605361
10.01711567
10.01246892
10.02548231
10.03118606
10.02986025
10.03345980
10.03805858
10.04009544
10.04784049
10.03986493
10.05968282
10.05427572
10.03934204
10.04850433
10.05490647
10.06044758
10.05841493
10.06286220
10.07880935
10.07681649
10.08237001
10.09076680
10.09072740
10.09438904
10.09515301
10.09660425
10.09842131
10.11661355
10.11481295
10.11878691
10.12307511
10.12341932
10.12425122
10.13119776
10.13267496
10.12153568
10.13668290
10.12678161
10.13109985
10.14768804
10.14543438
10.14905221
10.15327007
10.14781495
10.15098995
10.17717212
10.15061213
10.15630139
10.16018888
10.16478190
10.17230334
10.16211578
10.17653772
10.18016795
10.17748370
10.18372114
10.19571446
10.19139182
10.19278445
10.23136305
10.19724698
10.21151742
10.20286037
10.22344123
10.22808246
10.21087144
10.22651065
10.22250248
10.23374602
10.22310399
10.22869988
10.24192537
10.24402801
10.24088842
10.25575447
10.25708518
10.26392305
10.25931496
10.26185600
10.27039724
10.27781681
10.28079429
10.28251004
10.28335890
10.29567685
10.29090368
10.31124193
10.31099673
10.30488682
10.31595139
10.31672472
10.33056831
10.34430223
10.34466760
10.34726520
10.34577922
10.38940869
10.38917984
10.39904064
10.41492722
8.75990511
8.74439203
8.75709752
8.85589815
8.83910498
8.83967576
8.86471059
8.87495015
8.87739356
8.87767838
8.90131143
8.94674587
8.90888139
8.92603188
8.96182228
8.95622406
8.97296458
8.96834173
8.95779388
8.96702672
8.98421876
8.97260567
8.98361629
8.98115089
8.98277930
8.99002073
9.00456542
8.99167701
9.00345056
9.00420243
8.98580062
9.00468462
9.00116868
9.01943553
9.00068361
9.02119250
9.04261425
9.01795369
9.03929102
9.06455520
9.06431979
9.05275918
9.06619660
9.06245826
9.07910480
9.07979857
9.06172369
9.06069366
9.09745096
9.09372688
9.11293687
9.11337173
9.10202037
9.11572049
9.12490471
9.13782036
9.13584919
9.13169734
9.12462318
9.15262900
9.14621357
9.14258878
9.14912638
9.15132551
9.16731497
9.16863670
9.17488597
9.15776378
9.18691785
9.18182182
9.17499034
9.18908389
9.19887402
9.19973950
9.22077465
9.21125624
9.20686045
9.19676469
9.21779910
9.20729874
9.21099933
9.23641914
9.23045084
9.21191801
9.22493935
9.22151279
9.24511466
9.24537104
9.25433659
9.25860960
9.24042018
9.24690887
9.25287537
9.25517532
9.25303743
9.24911010
9.25540483
9.24846207
9.25548274
9.29671291
9.31079476
9.31585019
9.29259497
9.31801563
9.30966411
9.32433394
9.34388524
9.33702012
9.34150231
9.33742875
9.35537234
9.34678781
9.34297015
9.35577838
9.34125337
9.35935512
9.36602622
9.37830077
9.37506668
9.38919463
9.40725616
9.39805155
9.39661880
9.39207605
9.42744967
9.42660483
9.44119696
9.43370987
9.44928940
9.44005546
9.45674636
9.46061985
9.46799636
9.46762549
9.44177629
9.50291534
9.46808155
9.45647579
9.46637835
9.48994461
9.47879324
9.48122383
9.49079151
9.48054048
9.48179375
9.49375646
9.49732726
9.50887601
9.51020176
9.51574157
9.52099689
9.48643644
9.50497042
9.52722316
9.52740805
9.52094860
9.52284042
9.51394993
9.53503538
9.53816547
9.52068033
9.53452956
9.55094948
9.54190833
9.54493730
9.53995392
9.54749866
9.55411290
9.56978481
9.56079389
9.53686226
9.57350048
9.56392053
9.54642334
9.58271831
9.56644683
9.57544293
9.57434842
9.59076045
9.56531182
9.58117558
9.58520845
9.58100017
9.59338160
9.57016183
9.60911060
9.58583078
9.58710472
9.59960697
9.62209053
9.61772726
9.62153076
9.62828308
9.61509470
9.64317701
9.64093859
9.61631545
9.62206381
9.63525876
9.64299284
9.64981440
9.62369477
9.64532186
9.65072974
9.64885575
9.64922687
9.64391339
9.64324604
9.66240271
9.68076240
9.65512926
9.66445153
9.68348498
9.68562373
9.66440890
9.66756845
9.67499105
9.68512215
9.67050852
9.68297149
9.69316611
9.69301184
9.69903279
9.67697836
9.68576200
9.68422259
9.71353103
9.70372101
9.71965990
9.73781305
9.73440424
9.71935213
9.74092859
9.72868059
9.73901517
9.72512528
9.75784275
9.74216528
9.73710427
9.76715116
9.76085316
9.76324649
9.77262456
9.75077251
9.76697899
9.76267183
9.75805899
9.77057919
9.76886992
9.78776079
9.77185749
9.77442216
9.77709044
9.78295627
9.79127552
9.77177162
9.78241559
9.79697157
9.79785280
9.78635452
9.81007857
9.78862904
9.77933459
9.79125049
9.81466519
9.80024554
9.82192744
9.81459249
9.81673261
9.82374745
9.82067800
9.81577792
9.84790072
9.84111065
9.85386683
9.84338716
9.89856132
9.86122769
9.85219138
9.84203540
9.85835791
9.83731693
9.85801962
9.88073545
9.86116587
9.86652944
9.86803891
9.87676669
9.87320031
9.88089704
9.89806195
9.88834111
9.88806272
9.89633143
9.89597000
9.90114809
9.92747142
9.91906460
9.92979678
9.93419713
9.90459567
9.94189561
9.95163270
9.94499417
9.95608904
9.95965652
9.95967380
9.95054988
9.97462386
9.96699274
9.97486345
9.97590911
9.99187660
9.98095373
9.97253051
9.98772584
10.01400634
9.99467901
10.00680685
10.00435473
10.02971126
10.02352174
9.99105849
10.02374424
10.01755723
9.99652834
10.02947701
10.01677905
10.04096340
10.03218197
10.04879062
10.04536685
10.04549537
10.05870509
10.04516504
10.07742059
10.06199948
10.08397589
10.03310622
10.06449248
10.08465019
10.07089737
10.07567828
10.10707254
10.09463560
10.10216811
10.10327306
10.12021429
10.11483938
10.10631411
10.09096675
10.13146720
10.12262733
10.13396034
10.13297018
10.12625157
10.14647924
10.13347979
10.14406545
10.15706216
10.15102317
10.13248269
10.16414980
10.15357648
10.17621465
10.16033878
10.16690264
10.15370114
10.16383062
10.16682938
10.17359253
10.18213590
10.18780146
10.18361971
10.17238466
10.18571184
10.19746342
10.20699287
10.16529365
10.18790234
10.20327334
10.22361803
10.22495315
10.24044687
10.21234157
10.22521878
10.22173325
10.23040106
10.23495547
10.25061627
10.24894646
10.26186258
10.27855146
10.27740538
10.27302499
10.29708763
10.25681224
10.29709193
10.30813618
10.29335006
10.29647845
10.28591025
10.30662303
10.30053705
10.32217189
10.33126051
10.28704580
10.35161898
10.34014043
10.38107635
10.39855896
10.41909809
8.72505470
8.73386434
8.77225076
8.79035631
8.78687585
8.82046472
8.78682570
8.82418492
8.81234089
8.81700127
8.84108612
8.82206639
8.84504147
8.84318193
8.85026010
8.85512637
8.85775631
8.84886842
8.86231732
8.87347176
8.84366035
8.86311129
8.88748876
8.88483185
8.89418395
8.88777805
8.90258014
8.89626785
8.89512985
8.90789992
8.91443564
8.93253314
8.94012769
8.95678264
8.94161576
8.94085530
8.95410358
8.96242463
8.97175694
8.96066729
8.97943443
9.01569677
8.99605397
8.97272904
8.99571061
9.01100979
9.00432756
8.99740616
9.01850922
9.04631833
9.04913529
9.05578909
9.05921611
9.04994637
9.07140441
9.08585391
9.09014720
9.08414943
9.08281964
9.08587088
9.09635040
9.10135947
9.09381939
9.09908705
9.11675807
9.11329626
9.11308046
9.10703645
9.12252171
9.14630789
9.12277294
9.12011297
9.14532257
9.13513125
9.13532445
9.13697653
9.14787969
9.15911145
9.13912748
9.15938788
9.17535898
9.16034320
9.18555841
9.21076761
9.17293941
9.19704377
9.19994499
9.18090560
9.19130576
9.20207770
9.20713058
9.27227099
9.24232287
9.20859394
9.22423075
9.22878168
9.23358550
9.24601172
9.25608715
9.25332009
9.26130789
9.26340674
9.26324346
9.25836388
9.26634165
9.27114843
9.28830395
9.28089045
9.31148916
9.30453705
9.30566052
9.30087395
9.31739926
9.31743663
9.33516570
9.31309155
9.34263142
9.34831634
9.34075113
9.34873230
9.35108536
9.36045752
9.36424781
9.36389160
9.36814884
9.38944119
9.40115940
9.40347042
9.39486322
9.42648003
9.43588940
9.42663013
9.43044922
9.45191442
9.43074424
9.45876748
9.46628146
9.45461483
9.42173073
9.46690035
9.45840446
9.47772841
9.46465473
9.47936669
9.47918674
9.49555319
9.48965994
9.51967167
9.51967167
9.52883482
9.50236087
9.51585197
9.50256807
9.50062018
9.51994374
9.53573519
9.52440716
9.53747259
9.54146970
9.58336496
9.53573012
9.54663340
9.56386443
9.56082928
9.56863014
9.56110993
9.56895344
9.58530916
9.57842440
9.58389347
9.58037051
9.59391193
9.58859747
9.60051183
9.60518598
9.58508592
9.60896834
9.61878576
9.62098526
9.61141438
9.65876926
9.64848435
9.65420178
9.64862765
9.64773656
9.65139493
9.66635996
9.66329933
9.66357019
9.65289879
9.66396337
9.68941010
9.68350040
9.68369601
9.70993047
9.71285489
9.70211857
9.71680020
9.73363769
9.72357532
9.71794818
9.73011293
9.74208905
9.73507399
9.74657070
9.76286973
9.75110554
9.74548031
9.77858073
9.76627023
9.75470145
9.79748126
9.75814283
9.77161201
9.79682508
9.78197543
9.78190598
9.79717687
9.79007707
9.80414163
9.80269019
9.80831617
9.80384652
9.84784453
9.84729202
9.83511353
9.84853172
9.85213019
9.86548800
9.87330397
9.85063869
9.86439114
9.87436814
9.89332901
9.88493229
9.90492002
9.91235903
9.89961785
9.90103121
9.92106962
9.93018355
9.91708600
9.93436243
9.94659652
9.93832684
9.93989245
9.94854175
9.94895938
9.94061880
9.95109825
9.96696374
9.98490336
10.00697401
9.99069742
9.99064244
10.01245165
10.00910338
10.02498445
10.01318437
10.04610997
10.03389927
10.03548191
10.02253880
10.01703230
10.03927591
10.03261491
10.02564048
10.05418874
10.02502469
10.06112675
10.04913552
10.07219464
10.06768508
10.07408437
10.07798819
10.05552617
10.06626621
10.13263518
10.06927328
10.07406639
10.10454024
10.12565714
10.09639025
10.12931964
10.13546814
10.13518503
10.13341943
10.13376928
10.13082100
10.13393380
10.14631423
10.14216812
10.12450088
10.15539654
10.15524567
10.16491702
10.16691213
10.16569958
10.17162472
10.17408034
10.18368927
10.19006416
10.18955506
10.20100801
10.20697329
10.20173711
10.20893951
10.22470550
10.21795464
10.22638691
10.22447394
10.22885784
10.23895273
10.25345045
10.24435704
10.25861146
10.26439277
10.27139107
10.26200302
10.27333994
10.26931091
10.27540272
10.27995320
10.29601740
10.30115829
10.29145323
10.28205177
10.28634942
10.30373893
10.31039889
10.29605736
10.32213915
10.32208112
10.29648545
10.32330159
10.34552787
10.38001673
10.39834848
8.67235818
8.70756344
8.70570065
8.72397735
8.71563386
8.73757154
8.73334174
8.74655901
8.74557642
8.77183932
8.74836393
8.76140728
8.74187337
8.78587051
8.78776943
8.76573382
8.80190924
8.79648364
8.80908360
8.81054428
8.81356176
8.86183722
8.84244682
8.82718261
8.84886842
8.87715117
8.88555770
8.88887325
8.90341827
8.90231623
8.89421627
8.88240743
8.87229822
8.90332813
8.89345571
8.92068914
8.93621264
8.92494102
8.92824768
8.95585748
8.96857798
8.94174082
8.94818572
8.97928356
8.98237559
8.98171839
8.97096490
9.00221974
8.98058910
8.98245834
8.99368750
8.99953741
8.99168636
8.97071313
9.01408975
8.99710999
9.02597629
9.01272320
9.01959364
9.01718673
9.02681041
9.02119250
9.00587866
9.06971589
9.01230266
9.05138164
8.98338639
9.05361948
9.03561087
9.05393302
9.05896548
9.05900912
9.04452727
9.04533619
9.05854160
9.06068201
9.05088763
9.05754295
9.02525929
9.07283954
9.05742328
9.06336394
9.07929423
9.05966241
9.06360222
9.06224162
9.08122573
9.08781272
9.08287573
9.09439299
9.07449217
9.11040059
9.09552890
9.11575149
9.10975576
9.09317282
9.13294269
9.10942781
9.14071070
9.13964659
9.11672669
9.13476097
9.14106600
9.10183142
9.15600817
9.19153752
9.15187578
9.16809110
9.16999685
9.15732261
9.17977332
9.19016880
9.17193546
9.19059634
9.18682252
9.19812363
9.18136050
9.16461301
9.18004109
9.21016034
9.18691973
9.19404211
9.22469785
9.22323456
9.23718414
9.17967079
9.21702889
9.23097547
9.22545120
9.20467525
9.24856069
9.23368396
9.22943333
9.24696866
9.23768394
9.26239706
9.24690887
9.27097872
9.28255673
9.25062199
9.25096146
9.26306249
9.28446027
9.28819525
9.28175549
9.30346409
9.30902211
9.29088390
9.28433740
9.31689974
9.31867762
9.31869730
9.29284186
9.32103691
9.31179296
9.28074655
9.32387823
9.32068086
9.31331965
9.32429895
9.32054519
9.32977441
9.33529947
9.33687367
9.33375739
9.34854720
9.33388405
9.34888075
9.34828319
9.38536756
9.32481560
9.38369368
9.35901641
9.37637696
9.36919886
9.39582309
9.36879114
9.39712294
9.38227475
9.39018324
9.40785025
9.40733929
9.40041145
9.39874837
9.41881574
9.40567353
9.39095993
9.42092544
9.40727776
9.41183099
9.40348981
9.39879123
9.40252601
9.41888817
9.43747688
9.37298935
9.43982592
9.39669123
9.44433653
9.43855045
9.41901505
9.45605600
9.45812560
9.44939425
9.45942986
9.48066306
9.46808227
9.46948610
9.47774125
9.44872230
9.47943360
9.48018136
9.47835462
9.49695420
9.48144667
9.48465435
9.49710158
9.48864966
9.53682027
9.51853434
9.50560247
9.53712591
9.53951651
9.51900576
9.50589024
9.53670004
9.52157874
9.55176260
9.55522453
9.52165826
9.51762895
9.53653181
9.53971194
9.54345662
9.57876442
9.55325710
9.57249612
9.57940008
9.54733156
9.54981089
9.60742377
9.53737823
9.58445038
9.57120520
9.58786187
9.60494404
9.64009058
9.59511135
9.59977147
9.58770816
9.62039815
9.60008679
9.60968436
9.61864111
9.61447399
9.62991249
9.60792625
9.63049125
9.62181959
9.60190238
9.59316636
9.60685825
9.61310449
9.61818401
9.64744548
9.63033813
9.65366804
9.62362078
9.63831862
9.65736268
9.63965121
9.66092539
9.64006922
9.65078942
9.65809117
9.66287510
9.67202197
9.68024658
9.64723207
9.65777368
9.66649180
9.70902633
9.68623205
9.71708217
9.68302401
9.71770166
9.68103410
9.72467152
9.72833986
9.71452303
9.69812005
9.70346826
9.71931544
9.74022724
9.74219830
9.72598920
9.75029664
9.74469039
9.74977848
9.75257851
9.74820844
9.74000174
9.77355542
9.75936043
9.75050027
9.75140310
9.77769865
9.75828713
9.76297893
9.79054909
9.77610532
9.77724260
9.80800144
9.79865619
9.78576576
9.76946327
9.79898913
9.78098213
9.79915555
9.80199727
9.80754998
9.77555280
9.80817218
9.79891513
9.80993144
9.83459724
9.80643076
9.82061848
9.84046073
9.84464687
9.83215616
9.84898237
9.84640671
9.84824072
9.83253370
9.84780859
9.85624338
9.84948882
9.84405250
9.86214885
9.84150413
9.88623374
9.91520970
9.89838269
9.89091209
9.86621710
9.91082428
9.90662962
9.89031501
9.92268179
9.94322346
9.94768853
9.92452059
9.89220424
9.75332683
9.90643992
9.92668070
9.89082831
9.93363208
9.91177812
9.93812215
9.94832396
9.90922781
9.96090057
9.96953818
9.98880709
9.97073873
9.97989216
9.97330291
9.98605234
9.98980857
9.99766584
9.97462300
9.98579397
9.98818618
9.99168207
9.98354003
9.99111573
10.01777014
10.00036018
10.00949231
10.01452849
10.03107324
10.02940361
10.01983806
10.04944680
10.02496256
10.02662596
10.05626460
10.05902820
10.06458201
10.05800707
10.06052409
10.07794737
10.07266297
10.05494603
10.06721048
10.08352825
10.03028035
10.09454895
10.13293466
10.09627203
10.09627203
10.11903763
10.10155012
10.10496202
10.12076601
10.10211403
10.09426433
10.13961471
10.14022966
10.12984635
10.11731274
9.96995692
10.02724618
10.11646577
10.11439857
10.11552501
10.14702070
10.11668069
10.14103247
10.13091612
10.12355345
10.15686370
10.11548838
10.14780935
10.14897155
10.13398337
10.15310435
10.15727245
10.13523606
10.17246880
10.15218531
10.15435816
10.18075844
10.17220566
10.19257722
10.21614688
10.20362278
10.18460352
10.16920544
10.21242994
10.21680405
10.19649251
10.22785204
10.22905146
10.20656226
10.23525884
10.22284783
10.23863734
10.22761510