Y2
8.72309165
8.73887727
8.75898710
8.78070099
8.75641365
8.77253702
8.78051622
8.78092874
8.84311596
8.82807471
8.83956340
8.83650069
8.84662831
8.84449852
8.86395904
8.86253077
8.87455924
8.88238182
8.87890642
8.86720001
8.89054169
8.88634248
8.89803489
8.89811426
8.91068658
8.91534072
8.93220374
8.94405957
8.93612215
8.94764632
8.95105087
8.95143276
8.94964352
8.96093940
8.97346163
8.96901370
8.98155481
8.99100300
8.99805908
8.97578975
8.99319667
8.98185827
8.99544227
9.00030911
8.96338400
9.01855338
9.00073025
9.01094526
9.00055519
9.04278855
9.00807908
9.02014995
9.00934962
9.02652326
9.01480721
9.03699486
9.02969065
9.03180283
9.03538970
9.02975099
9.03480072
9.04085465
9.03613030
9.04246913
9.03806888
9.04819344
9.04587395
9.04666834
9.06833079
9.04953173
9.05764853
9.07382422
9.08203965
9.07102516
9.05587111
9.07374265
9.09332472
9.08924003
9.10334950
9.11369711
9.10637646
9.11161106
9.07382422
9.11044208
9.12123494
9.12542234
9.13780718
9.13345905
9.13549691
9.11632790
9.14105293
9.15966924
9.13586743
9.15896222
9.15457679
9.16502796
9.17176668
9.17461803
9.14980869
9.18042016
9.18709811
9.17751341
9.18102336
9.20062301
9.18612107
9.18970799
9.19302555
9.19125928
9.18987296
9.20751563
9.19416892
9.21555055
9.21780921
9.23903690
9.21996503
9.23206881
9.22116441
9.24476992
9.24466677
9.24890229
9.25479210
9.24694711
9.24886645
9.25355013
9.25447875
9.25797959
9.26894721
9.25835609
9.26243251
9.25428849
9.28200337
9.27566139
9.28683870
9.28535693
9.26735994
9.29277995
9.28354303
9.29336059
9.30011109
9.27881017
9.29362338
9.27608014
9.29472939
9.29075371
9.29424807
9.30094095
9.31486547
9.29001151
9.31387607
9.33612985
9.30585454
9.29420529
9.30100549
9.30539669
9.30688678
9.31762411
9.30784309
9.31397686
9.30720715
9.32370001
9.32822931
9.32487302
9.33034937
9.35669967
9.34173210
9.35314788
9.35170999
9.34942904
9.36008271
9.34660723
9.35251915
9.34515261
9.38020418
9.36411505
9.36810469
9.37728386
9.36153319
9.37953383
9.37475764
9.35342260
9.38104092
9.38248555
9.37149998
9.37090549
9.40546995
9.39202609
9.39556824
9.41045064
9.40734877
9.41506644
9.41296082
9.41750211
9.39381365
9.41426193
9.40468307
9.42443733
9.40419027
9.43372928
9.41472530
9.43118132
9.43136217
9.42410976
9.42910746
9.44505749
9.44317518
9.45307423
9.45970446
9.45695711
9.44439527
9.47100115
9.45039354
9.49031106
9.46895656
9.47820401
9.50163712
9.48164602
9.47381656
9.48132835
9.48827775
9.48303738
9.49101284
9.48139614
9.49784989
9.48705320
9.47733482
9.49228646
9.50589869
9.51293060
9.51537216
9.50767356
9.49996649
9.52075878
9.50417723
9.53713190
9.52742733
9.53445339
9.53603682
9.52110208
9.54200240
9.53886197
9.55285299
9.55866670
9.55108432
9.55373256
9.54234871
9.55391264
9.55024148
9.54803352
9.56891027
9.56988806
9.55549901
9.56935165
9.56750671
9.57586423
9.57396706
9.58310933
9.56302503
9.58891112
9.57749217
9.57582701
9.62627123
9.59343471
9.62694544
9.60716386
9.61570144
9.61435450
9.61710136
9.61599323
9.61560629
9.62354654
9.64098961
9.62879775
9.62237536
9.64261550
9.63526349
9.64329621
9.63052431
9.64292562
9.65229526
9.63213816
9.62771274
9.64817030
9.66699635
9.65739408
9.67546593
9.66298572
9.67496786
9.69524360
9.67183927
9.66505614
9.69117303
9.68880808
9.69604833
9.69344019
9.69192029
9.71840083
9.71345892
9.71500937
9.70385345
9.70649557
9.71743797
9.73901725
9.71762318
9.72668616
9.73025946
9.73731980
9.72927814
9.73818456
9.73697534
9.74780705
9.75005886
9.77069873
9.76626208
9.77689063
9.77489217
9.79712382
9.77880473
9.77239567
9.77339258
9.79044899
9.77703758
9.78366159
9.80420980
9.81233621
9.82163313
9.81800796
9.83107619
9.81558234
9.80319652
9.83657941
9.83039043
9.83465744
9.83818504
9.83076589
9.85066727
9.84155661
9.83961138
9.85831625
9.83643978
9.85763852
9.87429208
9.87085936
9.89345120
9.87085936
9.87796066
9.88017853
9.88126846
9.85859674
9.89903697
9.87741629
9.87402195
9.90265059
9.89779301
9.89367118
9.91039073
9.90831546
9.87709599
9.89958156
9.90390574
9.92719467
9.90887890
9.93414018
9.91677601
9.93128655
9.93145919
9.93494339
9.92731678
9.93325973
9.96691535
9.94269923
9.95987421
9.97892261
9.96122667
9.96356189
9.98193180
9.97618197
9.97327784
9.98733498
9.98564756
9.98027493
9.99647696
9.99266381
9.99573227
10.00647970
9.99592793
9.99910416
10.00308950
10.01460084
10.01080271
10.01177565
10.01883850
10.00060022
10.02243370
10.01920247
10.03099868
10.01699735
10.04140288
10.04704783
10.04745267
10.04155541
10.05643804
10.03891424
10.06201920
10.05918618
10.05846884
10.06491660
10.06244063
10.06195544
10.06201727
10.09254434
10.08423186
10.10388696
10.09606564
10.08226817
10.09311553
10.12019478
10.11097479
10.10805667
10.11357260
10.12161734
10.11908571
10.12049275
10.11381233
10.12552324
10.11672325
10.13292145
10.15100047
10.13100570
10.14172826
10.15241617
10.15839934
10.14682754
10.12699271
10.13901810
10.14581091
10.17185588
10.14619314
10.16760183
10.16245060
10.18050308
10.16344921
10.17196736
10.18434880
10.17512172
10.17659841
10.20498151
10.18834395
10.19591687
10.20687963
10.20167093
10.20026335
10.20182464
10.21444689
10.20844783
10.21090106
10.22146991
10.24089922
10.22684004
10.24170169
10.20783955
10.24047206
10.25398419
10.24438383
10.25238097
10.24387635
10.24560095
10.23132855
10.27015573
10.25526992
10.27416670
10.29174655
10.28670038
10.28268734
10.27509352
10.26904092
10.29213118
10.31472632
10.30119674
10.30687885
10.33464093
10.31073670
10.30507519
10.33745814
10.34344099
10.33183070
10.34378900
10.35247834
10.38056168
10.40631986
10.40586655
10.43029329
8.70685428
8.77571608
8.78621632
8.82887947
8.86557628
8.87742978
8.88080816
8.85444484
8.91146364
8.91125325
8.92395138
8.96563824
8.94188319
8.95251912
8.99046142
8.97936434
8.95740730
9.00840046
8.99242115
8.97987552
8.95010264
9.00073180
9.01550303
9.00432200
9.01847941
8.96958015
8.98296866
9.01480850
8.97974885
9.03445315
9.03016244
9.03329746
9.03352304
9.03605174
9.05423240
9.05966738
9.07603898
8.97408050
9.09712261
9.04241069
9.10003309
9.06776783
9.03487291
9.08931237
9.06359381
9.05062471
9.09014537
9.08117512
9.11084202
9.11744216
9.14594671
9.10274389
9.12892006
9.16488327
9.10234022
9.10321749
9.16002828
9.09061516
9.14510202
9.13059772
9.19108919
9.17283580
9.19167108
9.18253621
9.14359637
9.13291007
9.13048634
9.19667667
9.16097776
9.19895948
9.20086311
9.21222406
9.16644805
9.16787341
9.23634366
9.23553482
9.22241616
9.24659487
9.25179775
9.27487361
9.25650075
9.28557070
9.25796157
9.28871052
9.25736733
9.24462986
9.21711523
9.27664123
9.23442322
9.25225114
9.27714467
9.19661581
9.29829403
9.30511312
9.28977987
9.30865968
9.29056966
9.28355346
9.29177377
9.30249357
9.33501052
9.27912925
9.34551722
9.30029319
9.35454500
9.36037483
9.31848747
9.35204324
9.38755236
9.40609871
9.37848527
9.38832248
9.37520388
9.39199580
9.37257040
9.40485824
9.40444037
9.40255450
9.42371600
9.42816261
9.37096498
9.41362403
9.42907877
9.42869887
9.46091476
9.46069977
9.41202006
9.46618380
9.45728591
9.46372183
9.47114728
9.49300601
9.44803974
9.52925421
9.49521439
9.45865955
9.50110421
9.52575286
9.50640024
9.45645666
9.49705339
9.45372972
9.45835834
9.51728425
9.58329563
9.46788684
9.52927197
9.47918483
9.47773661
9.47401515
9.49076452
9.56064494
9.53954638
9.50184658
9.49505585
9.54460803
9.52196073
9.55782602
9.56909064
9.50357379
9.55798226
9.50325323
9.51800831
9.57270485
9.60273842
9.58162135
9.57824849
9.51404238
9.53728824
9.60229400
9.58607398
9.60570449
9.59898882
9.57502452
9.54752962
9.54330744
9.61051156
9.60936326
9.56219633
9.60637388
9.62544404
9.62894520
9.60735422
9.62088852
9.60317045
9.57134024
9.62361605
9.63241755
9.65545251
9.60709931
9.63866116
9.64680376
9.64050993
9.65609809
9.61139742
9.63248027
9.64858605
9.66758829
9.67787311
9.66651373
9.66974519
9.66869114
9.67003381
9.66519677
9.68008616
9.67941220
9.62343293
9.67946865
9.63871306
9.64719364
9.67663953
9.69575699
9.67224457
9.65486525
9.69783653
9.69674309
9.71558028
9.62993078
9.74193998
9.72090043
9.75208737
9.70626496
9.66611867
9.75373360
9.71812411
9.71826446
9.67352401
9.73666254
9.74877897
9.68917351
9.71674187
9.75819793
9.77501457
9.78277215
9.77807247
9.78421388
9.79172508
9.78712154
9.76516458
9.74948865
9.78023434
9.78696312
9.75275734
9.78636957
9.72807789
9.81523310
9.78705925
9.81381698
9.80510046
9.80002592
9.80907589
9.81276247
9.81708994
9.81001687
9.75408075
9.81934663
9.80505884
9.77491502
9.82590602
9.82749141
9.77822942
9.81998329
9.82798962
9.77356409
9.79748126
9.83590613
9.85977719
9.85565032
9.85946040
9.86695093
9.84545257
9.85848266
9.81439778
9.91016127
9.84059277
9.88134273
9.86612502
9.89852190
9.81761015
9.88145781
9.88043121
9.88601995
9.87833463
9.90721047
9.90009943
9.89451047
9.90476706
9.89826869
9.90826885
9.94964873
9.87015062
9.86027865
9.91977698
9.96167559
9.92342134
9.93090346
9.95225756
9.95255883
9.95883022
9.98879714
9.92728692
9.97378938
9.97970530
9.97523923
9.92578003
9.97583002
9.98345402
9.98464808
9.95093507
9.99721143
10.00841981
9.99857971
9.96269419
9.94143903
9.99845478
10.02779095
9.99786077
10.06546853
9.96248012
9.98772403
9.99775296
10.01247223
10.03261957
9.98421414
10.04832834
10.04511504
10.02160211
10.04541281
10.02053163
10.06131662
10.00822938
10.01896076
10.07458244
10.03777701
10.11671527
10.05258885
10.08886961
10.07116377
10.07374600
10.10018654
10.06198964
10.11859338
10.10597787
10.07143768
10.12912218
10.12859804
10.15355256
10.09501174
10.09119301
10.12566065
10.12830441
10.16770504
10.15119621
10.14672095
10.16543182
10.16190866
10.09625960
10.16911289
10.15408896
10.16343084
10.19209524
10.18280827
10.12687714
10.19086242
10.16555059
10.19117263
10.18452482
10.20189812
10.18967648
10.12293063
10.19291415
10.16167771
10.15380609
10.20515056
10.22633594
10.15987947
10.23100263
10.18229887
10.20791646
10.24021602
10.22858999
10.20481889
10.18997340
10.22651065
10.25026672
10.24100305
10.25088663
10.27356882
10.21237185
10.21833670
10.26989540
10.22453181
10.24611833
10.26304654
10.29995174
10.25286130
10.30753483
10.33764500
10.32957039
10.33976356
10.33204377
10.35594793
10.35848794
10.33662634
10.30716034
10.31089148
10.34056141
10.31751850
10.37732423
10.36551318
10.36831766
10.38839498
8.76906436
8.77455663
8.83922029
8.81323698
8.81578086
8.79217476
8.82918046
8.79637141
8.84119465
8.84637301
8.79599069
8.86571598
8.80644081
8.86716697
8.81109810
8.89488576
8.87915271
8.88741837
8.83127433
8.90404706
8.88928213
8.90507291
8.91146349
8.91962198
8.85021889
8.92423527
8.91734846
8.92135349
8.92020304
8.94658327
8.94446386
8.97336180
8.96789612
8.92360044
8.98017789
8.96540168
8.91070690
8.99730117
9.00492643
9.00265329
8.99154508
8.99975321
8.96662554
9.00218347
9.02619259
9.02474779
9.01801980
9.02413109
9.05714198
9.07249652
9.07045267
9.07169866
9.02281759
9.08657251
9.03879002
9.05318187
9.06993998
9.06278136
9.09439673
9.11753715
9.14693153
9.10916147
9.12001339
9.12151620
9.13429511
9.15691735
9.13282443
9.12836860
9.15086280
9.13149161
9.16354660
9.12902769
9.12236095
9.17317641
9.17289271
9.15678126
9.15837096
9.13557256
9.14645329
9.18562214
9.18690269
9.18927722
9.22089277
9.18564005
9.20348943
9.17080008
9.18294099
9.22112676
9.22234651
9.23096891
9.23930944
9.22542279
9.29073000
9.25752430
9.26181076
9.25881694
9.27283117
9.21715637
9.24011827
9.26430425
9.23184516
9.25290252
9.28948471
9.21704234
9.24398553
9.22656381
9.32347442
9.33369326
9.30046537
9.32746118
9.24484605
9.34326096
9.34088239
9.37027959
9.32039628
9.30354890
9.36985473
9.37663393
9.38709439
9.36626464
9.38650398
9.39686276
9.38234109
9.38798462
9.38463689
9.40968122
9.41977536
9.41400463
9.42049506
9.40079919
9.39892946
9.45170436
9.46916857
9.45381961
9.42193057
9.46443956
9.42596260
9.47431895
9.47077708
9.50185786
9.49268089
9.48332414
9.48157326
9.45804676
9.49676153
9.51416829
9.51853311
9.47995635
9.52039663
9.49887835
9.53982432
9.53191623
9.53366386
9.55353363
9.55483162
9.48360725
9.57730103
9.55387258
9.57837031
9.55288585
9.57750114
9.59831248
9.58518911
9.59675655
9.50348041
9.59106391
9.60482506
9.57203343
9.63550506
9.59381430
9.60875248
9.60867066
9.61148332
9.55861386
9.56925053
9.62643145
9.63622743
9.62980373
9.64172964
9.63168860
9.62503635
9.67947836
9.66798001
9.68236160
9.70916390
9.68832267
9.63963241
9.68945956
9.69464615
9.68123838
9.69556636
9.71285438
9.71406965
9.72066135
9.67774367
9.71588779
9.75156363
9.73700819
9.71449307
9.70117276
9.67764512
9.78401118
9.77429525
9.76183495
9.78412105
9.78580708
9.77900061
9.78946154
9.75080248
9.79836191
9.80647749
9.78158685
9.80281412
9.81072912
9.77280679
9.80815083
9.80766428
9.81956357
9.82668353
9.81623024
9.84667488
9.84959893
9.82889279
9.87181867
9.87623968
9.87381404
9.88658205
9.88590202
9.87866140
9.83526896
9.88066477
9.91118131
9.89944355
9.85094954
9.90842917
9.93654251
9.90722019
9.87600791
9.96793565
9.89326095
9.91259561
9.96665052
9.94757507
9.90524855
9.95908542
9.97973520
9.98230449
9.96650518
9.98678311
9.97731325
9.99583659
10.01269555
9.97485033
9.95854989
9.99855204
10.04905560
10.02606713
9.99668677
10.05128814
10.06747616
10.05197280
10.01252785
10.08016395
10.07105830
10.04975121
10.07796168
10.07073532
10.02476279
10.06429396
10.01588078
10.07702531
10.03257854
10.07877217
10.10785536
10.05126918
10.10183524
10.09307738
10.09023953
10.11101854
10.09984498
10.09946712
10.11030957
10.07130033
10.12418180
10.16165497
10.16571473
10.18023779
10.16104928
10.15115173
10.17274228
10.11310724
10.17214942
10.16920394
10.12645811
10.16362110
10.13333978
10.19203560
10.19026848
10.20809066
10.18626529
10.16834741
10.21630350
10.20878131
10.22772605
10.16942225
10.15772976
10.22816420
10.23195638
10.26243985
10.26870108
10.25941489
10.25239238
10.30632940
10.21803818
10.31008630
10.29448061
10.28412325
10.21055440
10.23036439
10.31204942
10.30156043
10.30114377
10.31374694
10.29418431
10.26905598
10.31121004
10.33387463
10.30721573
10.28237923
10.28530208
10.32606473
10.30124201
10.30285897
10.33422021
10.36243906
10.30718505
10.41328340
10.37110755
8.74445820
8.75469426
8.74969481
8.77502134
8.82260934
8.80598184
8.77835637
8.81224213
8.78739630
8.72193509
8.81717124
8.79985261
8.80103910
8.74950563
8.74057607
8.80204250
8.84586388
8.84428705
8.77221759
8.84856514
8.76147767
8.91389507
8.88743006
8.87219099
8.88795853
8.92272088
8.83835454
8.94962253
8.85075893
8.84311298
8.93815638
8.93561407
8.96076521
8.94563361
8.94499097
8.87996669
9.00127168
8.96298162
8.96782293
8.98525815
8.91647934
9.00189856
8.99478819
8.93855959
8.94001480
9.04632031
9.02194494
8.96420449
9.01687065
9.02145403
9.05274599
9.04772279
9.02968839
9.05848535
9.05909342
9.06055810
8.95228261
9.05552964
8.96705143
9.05348668
8.99307226
9.06075663
9.09694376
9.03503826
9.05018976
8.95274177
8.94221632
8.98338639
9.07683978
9.01541612
9.02157247
9.02104329
9.09113244
9.07561785
9.01521315
9.07224530
9.08606373
9.08749173
9.07188719
9.04589215
9.09433435
9.10071697
9.02993679
9.10251352
9.10142081
9.02103538
9.12295076
9.15181623
9.12025443
9.13503482
9.19375660
9.16623437
9.13729214
9.07773507
9.15258994
9.14100850
9.07816919
9.14208164
9.10438449
9.17877589
9.16160992
9.17171286
9.17748060
9.16782821
9.12229601
9.16235171
9.20886328
9.12530796
9.22856640
9.19380636
9.14389472
9.15607606
9.21696543
9.12978997
9.14934728
9.16017875
9.22960930
9.23360838
9.22784058
9.16361694
9.22697762
9.23783391
9.18030573
9.16258718
9.19169769
9.28158869
9.25332120
9.19192831
9.28059766
9.24915325
9.30168922
9.27597308
9.27986154
9.19118119
9.30590908
9.22277434
9.21066016
9.23352483
9.23647691
9.29615386
9.30909246
9.33033842
9.19568003
9.24968634
9.33436323
9.26595543
9.26944685
9.34462130
9.33270575
9.35757902
9.25463284
9.27475127
9.33618115
9.28251189
9.37463406
9.32298026
9.20758897
9.36834967
9.35612598
9.38063670
9.35912950
9.37155130
9.38083981
9.37542067
9.38264775
9.38755236
9.38157999
9.42853226
9.29945096
9.34906088
9.38387117
9.34415312
9.40495475
9.42463915
9.41311218
9.34752634
9.44085009
9.33318346
9.42087871
9.46492796
9.36877884
9.36944682
9.43392413
9.44003617
9.40374005
9.45176673
9.46682042
9.38238442
9.44419581
9.44500890
9.51591699
9.44278206
9.44544741
9.48076915
9.39514573
9.41747424
9.48153688
9.47774057
9.40202852
9.49049534
9.46289607
9.38114746
9.40772891
9.48840249
9.50225258
9.42606829
9.49887835
9.51283441
9.51662148
9.51488174
9.51899666
9.51154937
9.51297172
9.53699007
9.52589030
9.52692173
9.53776834
9.52720219
9.49883191
9.47459739
9.55010136
9.48570886
9.57856178
9.56011694
9.55087319
9.58706128
9.56276746
9.50784288
9.59751475
9.55743856
9.47860593
9.58752040
9.58362597
9.58249381
9.52242710
9.59391652
9.53290978
9.61897591
9.61890856
9.58839195
9.56901374
9.57682120
9.53685897
9.63844669
9.62800666
9.56764137
9.61421526
9.68234637
9.64690113
9.63652240
9.58357184
9.64721664
9.69056567
9.56552300
9.65016440
9.57997996
9.66096164
9.56770210
9.68474436
9.66420275
9.63985691
9.72190376
9.66464540
9.68097862
9.59647542
9.69716876
9.61304476
9.66756845
9.67563872
9.70186157
9.68362674
9.71841440
9.68624694
9.70069451
9.69712854
9.70293394
9.72581080
9.63317932
9.59843439
9.69799803
9.71968910
9.67053657
9.72963295
9.67856027
9.73291424
9.67759417
9.74709734
9.65535140
9.68978442
9.75303973
9.73650354
9.77112535
9.75389326
9.69685460
9.70157287
9.76549015
9.70915106
9.70844118
9.79037015
9.71142151
9.70601269
9.83762301
9.82724579
9.80162113
9.79013536
9.80345621
9.81341861
9.82721328
9.81114969
9.74385554
9.83035222
9.82331222
9.77400681
9.83778095
9.82955482
9.82739964
9.87912294
9.84051814
9.83981488
9.85198726
9.84264325
9.86108413
9.84829051
9.83805085
9.86579260
9.77759670
9.85202590
9.88351755
9.87842233
9.89455546
9.88855394
9.88638087
9.89564749
9.89658022
9.90411926
9.89172641
9.89352151
9.89172526
9.89330070
9.90927807
9.91071578
9.93005232
9.87342768
9.85929424
9.92837081
9.90893190
9.87226371
9.94619873
9.96402735
9.88199508
9.89875111
9.90691152
9.88333612
9.93447874
9.70787389
9.95850490
9.96684706
9.95965410
9.99271186
9.96065950
9.99176825
9.99215189
9.94167546
10.04467214
10.00969195
10.02670584
10.01085799
9.94466901
10.01827404
10.02775274
9.93660616
9.95269591
10.02019159
10.02433412
10.02935239
9.95705884
10.02200811
10.02465961
9.96628079
10.04533059
10.04738256
10.05299556
9.99048499
10.06471662
10.11097674
10.09021641
10.09903701
10.07383928
10.01184812
10.00159509
10.02175179
10.10257642
10.14019352
10.11696466
10.03419132
10.10865835
10.10788503
10.15562600
10.17231961
10.15649730
10.09494834
10.03884749
10.14356158
10.08602453
10.14003484
10.06482184
10.02700967
10.14281202
10.15128980
10.10107663
10.10124328
10.20505478
10.15743245
9.95607635
9.99215189
10.20119481
10.16051707
10.16707189
10.19740644
10.16115405
10.10309901
10.21716287
10.15757011
10.20657362
10.16591448
10.17993528
10.18248923
10.18120580
10.19371262
10.19903951
10.19047665
10.13677654
10.20107816
10.11806155
10.14226874
10.20920404
10.15525277
10.17761620
10.16402300
10.22740189
10.22565327
10.16565230
10.18878597
10.24913492
10.19044348
10.17969582
10.24453205
10.20012161
10.26878029
10.19474464
10.26604734