725;-7.62163900;9.73901517;-7.62038452;9.77807247;1.812941986946
726;-6.82779922;9.72512528;-6.82413596;9.78421388;3.4960999088743
766;-6.91999513;9.84338716;-6.91866317;9.88134273;1.9800422205483
832;-7.14786441;10.07089737;-7.14157023;10.11859338;7.4019427601666
939;-7.27007086;8.95410358;-7.27027551;8.91070690;180.26693244318
1181;-7.14842099;10.06927328;-7.14489809;10.11101854;4.7492128411042
1211;-7.59552504;10.21795464;-7.59532927;10.26243985;0.24811124922182
1212;-7.66559405;10.22638691;-7.66486922;10.26870108;0.96564896110354
1241;-7.22613323;8.67235818;-7.21597888;8.74445820;7.9246337627306
1247;-7.27546317;8.73334174;-7.27307451;8.77835637;3.0019833856249
1250;-7.27146873;8.77183932;-7.27224414;8.72193509;180.87989551227
1255;-7.73061043;8.78776943;-7.73404281;8.74057607;184.11166472903
1262;-7.65452726;8.86183722;-7.64669878;8.91389507;8.4502788217979
1264;-7.39610925;8.82718261;-7.39155042;8.87219099;5.7149321193055
1266;-7.68884164;8.87715117;-7.68704248;8.92272088;2.2336152886197
1268;-7.24146798;8.88887325;-7.24008604;8.94962253;1.2872944549039
1271;-7.60694427;8.89421627;-7.60514081;8.93815638;2.3217962656564
1274;-7.57744851;8.90332813;-7.57401077;8.94563361;4.5893766972783
1275;-7.86228543;8.89345571;-7.85830598;8.94499097;4.3620100598892
1277;-7.27233754;8.93621264;-7.26439081;9.00127168;6.8790356143188
1287;-7.40039356;8.97096490;-7.39689536;9.02194494;3.8770107737826
1295;-7.59884741;9.01408975;-7.59157791;9.05909342;9.0632453654271
1296;-7.30260562;8.99710999;-7.29794284;9.06055810;4.1508306974958
1297;-6.90470428;9.02597629;-6.91658268;8.95228261;189.04686816574
1306;-6.88982600;9.05138164;-6.90185257;8.95274177;186.86756379139
1309;-7.69700643;9.03561087;-7.69522034;9.07683978;2.4495520625745
1310;-7.52119023;9.05393302;-7.52189303;9.01541612;181.03242258264
1312;-6.99236047;9.05900912;-6.99257082;9.02104329;180.31351807345
1319;-6.97017811;9.02525929;-6.96718833;9.07188719;3.6230125464947
1323;-7.62479579;9.07929423;-7.62880381;9.02993679;184.5851712966
1324;-7.46331304;9.05966241;-7.46149295;9.10251352;2.4015692692068
1326;-7.19642903;9.06224162;-7.20045373;9.02103538;185.50993391486
1328;-7.44900179;9.08781272;-7.44599579;9.15181623;2.6548070931503
1331;-6.85367926;9.07449217;-6.84532385;9.19375660;3.9561545135418
1332;-6.87310993;9.11040059;-6.86841235;9.16623437;4.7481270687021
1333;-7.35290391;9.09552890;-7.35107483;9.13729214;2.4759650478846
1335;-7.38013053;9.10975576;-7.37502396;9.15258994;6.7127859094918
1337;-6.83313914;9.13294269;-6.83346911;9.07816919;180.34083737239
1339;-7.26972491;9.14071070;-7.27372057;9.10438449;186.19849546468
1349;-7.80463067;9.16999685;-7.79569619;9.22856640;8.5627065003931
1356;-7.25143070;9.19812363;-7.25707547;9.16017875;188.35503797242
1357;-7.26243124;9.18136050;-7.25618968;9.22960930;7.2765546961271
1366;-6.75863164;9.17967079;-6.75307431;9.28158869;3.0803225185735
1368;-7.31515084;9.23097547;-7.31751966;9.19192831;183.42715694374
1370;-7.26013371;9.20467525;-7.25936964;9.24915325;0.97137193800902
1371;-7.48762099;9.24856069;-7.47865485;9.30168922;9.4554717711744
1373;-7.01324140;9.22943333;-7.01077422;9.27986154;2.7643394341953
1380;-7.01967401;9.25062199;-7.01450442;9.29615386;6.3931330411412
1385;-7.80043093;9.28175549;-7.79369621;9.33436323;7.1996064203983
1390;-7.76425887;9.31689974;-7.76029137;9.35757902;5.4968360312097
1407;-7.17266112;9.33388405;-7.16531137;9.38157999;8.644740797057
1411;-6.90513317;9.32481560;-6.89494945;9.38387117;9.6555629838061
1414;-7.56573626;9.37637696;-7.56007379;9.42463915;6.6022335412037
1418;-6.84407929;9.39712294;-6.85321003;9.33318346;188.02089295172
1426;-7.31977573;9.40567353;-7.31627453;9.45176673;4.285046359506
1445;-7.11627829;9.45942986;-7.11112724;9.50225258;6.7657886829657
1448;-6.79446912;9.46948610;-6.78872895;9.51283441;7.4406374537691
1450;-7.75778102;9.44872230;-7.74825156;9.51488174;8.0851122072326
1455;-6.88725588;9.48144667;-6.88261245;9.52589030;5.8829022845804
1456;-6.87958841;9.48465435;-6.87386467;9.52692173;7.6068183471255
1460;-8.04558057;9.51853434;-8.05116762;9.47459739;187.1490546129
1463;-7.28961445;9.53951651;-7.28723319;9.57856178;3.4414452897397
1468;-7.04036400;9.55176260;-7.04280006;9.50784288;183.13120326344
1469;-7.65463466;9.55522453;-7.64736154;9.59751475;9.6243029909127
1471;-6.86190311;9.51762895;-6.86596907;9.47860593;185.8677675901
1472;-8.07942232;9.53653181;-8.07272450;9.58752040;7.3801059361472
1474;-7.10762212;9.54345662;-7.10467373;9.58249381;4.2591752200512
1484;-7.45342295;9.57120520;-7.44710418;9.63844669;5.2930431461714
1485;-7.82725301;9.58786187;-7.82547455;9.62800666;2.5009257718206
1488;-6.85049041;9.59511135;-6.83791319;9.68234637;8.0888319619206
1503;-7.75335933;9.61310449;-7.75262328;9.66464540;0.80656846324019
1512;-7.93745688;9.66092539;-7.92907229;9.71841440;8.180431589996
1514;-7.67448720;9.65078942;-7.67210424;9.70069451;2.6947564418226
1515;-7.47270997;9.65809117;-7.46761257;9.69712854;7.3343087417928
1519;-6.77419613;9.64723207;-6.77560842;9.59843439;181.63458214419
1522;-7.23463334;9.70902633;-7.23920801;9.67053657;186.68261446513
1523;-7.87612946;9.68623205;-7.87434397;9.72963295;2.3219416647813
1524;-8.02806879;9.71708217;-8.02927347;9.67856027;181.76572555881
1525;-7.35067301;9.68302401;-7.34714796;9.73291424;3.9835960255787
1530;-8.08386267;9.71452303;-8.08047574;9.75303973;4.9530563166894
1543;-7.03306523;9.77355542;-7.03220189;9.82724579;0.9077204771192
1546;-7.24753431;9.75140310;-7.24343334;9.80345621;4.439189458308
1551;-7.81839484;9.77610532;-7.81546737;9.83035222;3.043740019573
1552;-7.31575736;9.77724260;-7.30786758;9.82331222;9.5782313591751
1559;-7.47589785;9.79915555;-7.46969462;9.83981488;8.5487761704668
1563;-7.21168821;9.80817218;-7.20764388;9.84829051;5.672267648332
1565;-7.72035629;9.80993144;-7.71467014;9.86579260;5.7267823999741
1568;-7.82480202;9.82061848;-7.81363610;9.88351755;9.9199140676406
1569;-7.37560657;9.84046073;-7.37323244;9.87842233;3.5257121344036
1570;-8.04630072;9.84464687;-8.04232656;9.89455546;4.485343600068
1575;-7.41995124;9.83253370;-7.41523305;9.90411926;3.7148592989498
1576;-7.11904083;9.84780859;-7.11605646;9.89172641;3.8298548429805
1589;-7.25665001;9.89031501;-7.24531653;9.96402735;8.6110665014526
1590;-8.01159817;9.92268179;-8.01445588;9.88199508;183.95826545312
1591;-7.42489415;9.94322346;-7.42729505;9.89875111;183.04427501459
1594;-7.10456661;9.89220424;-7.09885294;9.93447874;7.5831795566136
1596;-7.44750185;9.90643992;-7.44452029;9.95850490;3.2282511878092
1609;-7.05923473;9.97330291;-7.05130707;10.01827404;9.8481218787877
1613;-7.96272835;9.97462300;-7.95984677;10.02019159;3.5632941553161
1619;-7.05787647;10.01777014;-7.06420032;9.96628079;186.89729523226
1620;-7.04867810;10.00036018;-7.04074766;10.04533059;9.8508554314949
1633;-7.33948765;10.06052409;-7.32539172;10.14019352;9.8798719916815
1636;-7.96904288;10.05494603;-7.96777699;10.10865835;1.3291446513694
1637;-7.90221004;10.06721048;-7.89659673;10.10788503;7.7370223269845
1639;-7.36645987;10.03028035;-7.34931636;10.17231961;6.7748785604914
1646;-7.44163135;10.10496202;-7.44237169;10.06482184;181.04037851949
1647;-7.14210513;10.12076601;-7.15632292;10.02700967;188.49324349569
1653;-7.20398145;10.11731274;-7.20047308;10.15743245;4.9197185166848
1660;-7.39668255;10.11668069;-7.39481876;10.16115405;2.3621518122715
1661;-6.99145040;10.14103247;-6.99661226;10.10309901;187.63030159184
1662;-7.31449058;10.13091612;-7.31403801;10.21716287;0.29588295865231
1665;-7.37479020;10.11548838;-7.37015562;10.16591448;5.169215858644
1670;-7.74911701;10.15727245;-7.74676360;10.19903951;3.1741277057824
1675;-7.52614157;10.18075844;-7.53234082;10.14226874;189.00902904043
1679;-7.42691556;10.20362278;-7.42710964;10.16402300;180.27639979074
1685;-6.91206352;10.22785204;-6.91394987;10.19044348;182.84126841509
1690;-6.58953117;10.23863734;-6.59314604;10.19474464;184.6340787591
