6;-7.78468825;8.76353090;-7.83699561;8.78051622;288.19268236156
11;-7.82540613;8.82334586;-7.86846158;8.83650069;287.18474401551
24;-7.22777419;8.90074251;-7.26591153;8.91068658;284.78763545629
33;-7.41903868;8.94934480;-7.46700401;8.96093940;283.75444766988
34;-7.17021671;8.95742049;-7.23396974;8.97346163;284.2957697758
54;-7.84713665;9.02580389;-7.80187068;9.01480721;103.81553956522
60;-7.06608349;9.04801560;-7.02905116;9.03480072;109.86373788742
68;-6.96019599;9.05394987;-7.01086135;9.06833079;286.04012818042
69;-6.90897175;9.04281373;-6.94603471;9.04953173;280.4033397465
74;-7.26733279;9.07072129;-7.22483776;9.05587111;109.48425171546
75;-6.95690086;9.05772811;-7.00864883;9.07374265;287.40436812654
79;-7.02378466;9.09985975;-7.07555492;9.11369711;285.15083593452
87;-7.55477005;9.11862908;-7.60111372;9.13345905;287.96131091992
89;-7.09731293;9.12737194;-7.06025954;9.11632790;106.79482361736
95;-7.42799993;9.14739857;-7.49125179;9.16502796;285.77017589687
126;-7.81308264;9.25521098;-7.86601637;9.26894721;284.73542373535
131;-6.99284959;9.26348998;-7.03591349;9.27566139;285.9838938118
134;-7.14782859;9.27897056;-7.10584674;9.26735994;105.65081826171
153;-6.78955061;9.29754317;-6.83208670;9.30539669;280.60050155973
154;-6.85113555;9.31527398;-6.80969264;9.30688678;101.58626396993
157;-6.85655561;9.32181464;-6.81620024;9.31397686;101.13114255282
171;-6.98850690;9.35458498;-6.95142750;9.34515261;104.45350585162
181;-6.89827504;9.37575576;-6.93591702;9.38248555;280.27399022119
183;-7.24123261;9.38196554;-7.19923107;9.37090549;104.93997990614
187;-7.37662885;9.39725982;-7.41426253;9.41045064;289.56219586539
191;-7.78689993;9.40379015;-7.83056491;9.41750211;287.6603811005
193;-7.95628872;9.40216108;-8.01308173;9.41426193;282.19187725616
194;-6.89052160;9.39360697;-6.92923157;9.40468307;286.17659356449
196;-7.64590467;9.41195834;-7.60168044;9.40419027;100.09192288154
201;-7.90045963;9.43237714;-7.86004973;9.42410976;101.7131406479
220;-7.86533091;9.48001362;-7.91175070;9.49101284;283.51232944009
227;-7.47450124;9.50185769;-7.52636920;9.51293060;282.21786673235
228;-7.42477392;9.50163712;-7.46351152;9.51537216;289.77697985786
233;-7.42740202;9.52443377;-7.47707736;9.53713190;284.53539615385
238;-7.42628420;9.52985367;-7.47432307;9.54200240;284.38682267662
250;-7.38948856;9.56820201;-7.34145375;9.55549901;105.00834248525
255;-6.80146735;9.57094194;-6.83909126;9.58310933;288.1608643454
263;-7.71626351;9.59180897;-7.76103490;9.60716386;289.18307384684
283;-7.39458843;9.64580092;-7.43827002;9.65739408;285.0711510678
288;-7.83294775;9.68066213;-7.79196698;9.67183927;102.31649317994
290;-8.03747019;9.68075378;-8.07736339;9.69117303;284.84320616337
292;-7.84276838;9.68720633;-7.89140910;9.69604833;280.45283232338
305;-7.31436213;9.72841432;-7.36079679;9.73731980;281.01527626846
312;-7.92020149;9.75582532;-7.96119231;9.76626208;284.48922064239
313;-6.91392819;9.76416815;-6.95485601;9.77689063;287.51014342946
322;-7.90531100;9.79321637;-7.95013326;9.80420980;283.98062596281
339;-7.19013873;9.84873957;-7.23166056;9.85763852;282.27582916355
340;-7.77102270;9.86600272;-7.81312201;9.87429208;281.30573275031
383;-8.05133501;9.99659089;-8.09509918;10.00647970;282.92628235252
387;-8.05075927;10.00635612;-8.08850756;10.01460084;282.50846510852
388;-7.84990139;9.99649859;-7.90842144;10.01080271;283.94446808194
390;-7.63139032;10.02605361;-7.59255893;10.01883850;100.68188069194
402;-7.77250757;10.05427572;-7.81299015;10.06201920;280.99716642327
404;-7.21859230;10.04850433;-7.25630286;10.05846884;285.02509780661
405;-7.41067206;10.05490647;-7.46262459;10.06491660;281.07665863151
409;-7.53536599;10.07880935;-7.57472096;10.09254434;289.52186785756
416;-6.99884172;10.09660425;-7.04363520;10.11097479;288.0532372151
433;-7.84113137;10.15327007;-7.80066077;10.13901810;109.681143537
442;-6.65468790;10.16211578;-6.73170335;10.18434880;286.35287913248
463;-7.26515526;10.24402801;-7.30618466;10.25238097;281.6924024155
471;-7.63908452;10.27781681;-7.68834977;10.28670038;280.38943178846
476;-6.85086551;10.29090368;-6.92792310;10.31472632;287.45065615183
477;-6.81075090;10.31124193;-6.76920300;10.30119674;103.80249624625
481;-6.66450271;10.31672472;-6.62845022;10.30507519;108.17854314939
487;-7.60024536;10.38940869;-7.56247552;10.38056168;103.39128903171
943;-7.47893102;8.97943443;-7.52198998;8.99154508;285.89776408589
948;-7.50553928;9.01100979;-7.54914244;9.02474779;287.69672661337
949;-7.75060295;9.00432756;-7.78876105;9.01801980;289.96974230702
961;-7.69847394;9.08281964;-7.75083799;9.09439673;282.62448965029
964;-7.10181664;9.10135947;-7.14216212;9.10916147;281.08417826705
969;-7.66451790;9.11308046;-7.72340668;9.13282443;288.76066589241
974;-7.05805605;9.12011297;-7.10276205;9.12902769;281.42160087945
979;-7.68513505;9.14787969;-7.73641945;9.15837096;281.71060467654
983;-7.78550162;9.17535898;-7.83078461;9.18690269;284.48290270712
1001;-7.12829270;9.25608715;-7.08306233;9.24011827;109.67880741886
1002;-7.73608219;9.25332009;-7.77427419;9.26430425;286.24920271742
1004;-7.29042412;9.26340674;-7.24952276;9.25290252;104.58208559766
1011;-7.48680509;9.31148916;-7.44643717;9.30046537;105.46482986904
1018;-6.84896492;9.31309155;-6.79606439;9.30354890;100.35476580958
1030;-7.20288661;9.40347042;-7.24817238;9.41400463;283.27104932062
1037;-7.89882546;9.43074424;-7.85732475;9.42193057;102.14586351771
1040;-7.89765667;9.45461483;-7.95333897;9.47431895;289.74003708443
1054;-6.92692702;9.51585197;-6.98419919;9.53191623;285.88101415693
1070;-6.84399511;9.58530916;-6.80255310;9.57203343;107.99418926636
1072;-7.63265625;9.58389347;-7.67252258;9.59381430;284.16775128492
1080;-7.41822167;9.61878576;-7.45534375;9.62980373;286.75703858124
1122;-7.76851614;9.80414163;-7.81114118;9.81623024;286.06008312465
1131;-7.77868437;9.86548800;-7.82131368;9.87866140;287.41855173796
1143;-7.81511012;9.93018355;-7.75279193;9.91259561;105.98231578919
1167;-7.68114739;10.03927591;-7.72380359;10.04975121;284.00747981809
1175;-7.36134572;10.06768508;-7.41000786;10.07877217;283.03346382683
1197;-6.92238924;10.15524567;-6.96065386;10.16362110;282.54016296636
1202;-6.73670212;10.17408034;-6.77383844;10.18626529;288.43972232192
1316;-7.72912082;9.06068201;-7.77875401;9.07224530;283.27854077826
1654;-6.95311640;9.96995692;-6.90123273;9.95607635;105.19203254665
