426;-6.90892324;10.12153568;-6.93719604;10.15100047;316.63530229074
456;-6.97130344;10.21087144;-7.00341867;10.24089922;313.53684935415
905;-7.79665932;8.77225076;-7.87063544;8.83922029;312.49794538006
908;-7.95197506;8.82046472;-7.92587148;8.79217476;137.63825614647
910;-7.21287079;8.82418492;-7.18192113;8.79637141;132.28099368752
911;-7.77743791;8.81234089;-7.80734702;8.84119465;314.31455513496
918;-7.60000008;8.85512637;-7.64131289;8.89488576;314.2503595598
921;-7.49578074;8.86231732;-7.46645265;8.83127433;136.9670366573
934;-7.70010286;8.93253314;-7.73924904;8.97336180;316.5589991924
935;-7.86486939;8.94012769;-7.89643581;8.96789612;311.6886388052
940;-7.30985974;8.96242463;-7.34462006;8.99730117;315.45161599036
945;-7.19457556;8.99605397;-7.16689725;8.96662554;137.10581333173
946;-7.30926646;8.97272904;-7.34459786;9.00218347;310.16792763833
947;-7.76973386;8.99571061;-7.79910409;9.02619259;316.42186475189
952;-7.15776466;9.04631833;-7.18600896;9.07249652;313.18681343512
958;-7.63787146;9.08585391;-7.60633766;9.05318187;136.37324855546
965;-7.01017506;9.09381939;-7.03950075;9.12001339;312.13522066909
971;-7.10334222;9.12252171;-7.12939197;9.15086280;317.77865760447
977;-7.52413151;9.13532445;-7.55728095;9.17289271;318.94217973206
984;-6.79040531;9.16034320;-6.82188174;9.18927722;312.96036028742
987;-6.99772777;9.17293941;-7.02976285;9.20348943;314.01290250212
992;-7.40209769;9.20207770;-7.43363770;9.23096891;312.86378463475
993;-7.20771072;9.20713058;-7.24303794;9.23930944;312.70398321993
994;-7.58090702;9.27227099;-7.53358768;9.22542279;135.08440563477
999;-7.41178460;9.23358550;-7.45420441;9.27283117;313.15185928478
1000;-7.66565863;9.24601172;-7.63900988;9.21715637;137.64658217474
1003;-7.19433235;9.26130789;-7.16063244;9.23184516;131.53107998554
1016;-7.76261825;9.31743663;-7.82525994;9.37027959;310.53281736335
1019;-7.83245460;9.34263142;-7.86131991;9.36985473;313.70863819825
1020;-7.47189806;9.34831634;-7.49690302;9.37663393;318.93783293409
1021;-7.13712674;9.34075113;-7.18276110;9.38709439;315.82950569806
1031;-7.32802185;9.39486322;-7.35685308;9.42049506;312.02597087521
1034;-7.51690251;9.42663013;-7.54520835;9.45170436;311.92587208315
1035;-6.97659835;9.43044922;-7.01351953;9.46916857;316.75567912226
1039;-7.66372560;9.46628146;-7.61962351;9.42596260;132.82022050161
1049;-7.54013038;9.48965994;-7.56897336;9.51853311;315.42828518354
1055;-7.06960156;9.50256807;-7.10221192;9.53366386;314.0375779714
1056;-7.21331036;9.50062018;-7.27205640;9.55353363;312.41068660355
1057;-7.17386738;9.51994374;-7.20701701;9.55483162;316.86431023053
1062;-8.14490317;9.58336496;-8.10835203;9.55288585;130.21614946617
1073;-7.21562757;9.58037051;-7.24991355;9.60875248;310.01781757952
1077;-7.98683736;9.60518598;-7.94539645;9.56925053;131.32597819546
1079;-7.29309305;9.60896834;-7.32083504;9.63622743;314.90519094444
1086;-7.99819090;9.64862765;-8.03035629;9.68236160;316.77517730578
1089;-7.06758196;9.66635996;-7.04095210;9.63963241;135.51115380794
1090;-7.68263990;9.66329933;-7.71370685;9.68945956;310.50698745403
1092;-7.40439533;9.65289879;-7.43269248;9.68123838;315.45500167771
1095;-6.76411964;9.68350040;-6.79507353;9.71406965;315.05680841288
1097;-7.09958785;9.70993047;-7.06642364;9.67774367;134.55222196814
1103;-7.51399781;9.71794818;-7.47808926;9.67764512;138.70635373865
1105;-7.03160964;9.74208905;-7.06750889;9.77429525;312.31456484608
1111;-7.90973498;9.77858073;-7.87700781;9.75080248;130.73422647611
1121;-6.80824223;9.79007707;-6.85065260;9.82668353;311.22043393127
1125;-8.00976400;9.80384652;-8.03978055;9.82889279;310.26092956772
1128;-7.28155328;9.83511353;-7.31855090;9.87381404;316.7171029705
1130;-7.68900989;9.85213019;-7.72389362;9.88590202;314.50210292461
1133;-7.14035559;9.85063869;-7.17574221;9.88066477;310.73974076487
1142;-7.22530336;9.92106962;-7.19810099;9.89326095;136.05934246268
1153;-7.64258284;9.96696374;-7.67201841;9.99583659;314.88651341442
1154;-7.29609499;9.98490336;-7.32112428;10.01269555;318.43208029632
1155;-7.89912869;10.00697401;-7.86584977;9.97485033;134.4227650561
1156;-7.36994127;9.99069742;-7.34110030;9.95854989;138.53421828461
1160;-7.93136555;10.02498445;-7.90573173;9.99668677;138.262541014
1166;-7.32055471;10.01703230;-7.38541335;10.07105830;310.23506144956
1171;-7.51809332;10.02502469;-7.56553903;10.06429396;310.05291067359
1172;-7.35152637;10.06112675;-7.30742615;10.01588078;136.17257550268
1176;-7.70290448;10.07408437;-7.73726304;10.10785536;314.95548341903
1177;-7.59613516;10.07798819;-7.56450172;10.05126918;130.62173371908
1178;-7.81794091;10.05552617;-7.87252556;10.10183524;310.7558285784
1188;-7.19895503;10.13518503;-7.22725406;10.16571473;317.62434237625
1189;-7.75413773;10.13341943;-7.79667352;10.18023779;318.1977937288
1193;-7.86908457;10.14631423;-7.83744276;10.11310724;136.82919379673
1194;-7.39491341;10.14216812;-7.42487963;10.17214942;315.46956608305
1196;-6.70125785;10.15539654;-6.67300678;10.12645811;136.1369617545
1200;-7.12706425;10.16569958;-7.15539184;10.19026848;311.38836189008
1213;-6.65477903;10.22447394;-6.68791848;10.25941489;316.97801660437
1221;-6.99562011;10.26200302;-6.96625194;10.23036439;137.58772715618
1223;-6.70700937;10.26931091;-6.74346396;10.30156043;311.96187378897
1225;-7.50815522;10.27995320;-7.54305752;10.31374694;314.54359923946
1229;-6.82464161;10.28205177;-6.87029033;10.33387463;319.09044828506
1232;-7.40831093;10.31039889;-7.37940609;10.28530208;131.4248969225
1239;-7.56193006;10.38001673;-7.60123500;10.41328340;310.71558800901
1240;-7.66103367;10.39834848;-7.63375173;10.37110755;135.42757960567
1318;-7.61177900;9.05754295;-7.64059460;9.08749173;316.46728785014
