27;-7.24787403;8.91819653;-7.21119878;8.94405957;54.476182938135
163;-6.93241474;9.32822931;-6.88582992;9.35669967;58.223533857837
195;-6.91617612;9.39592861;-6.87668019;9.42443733;53.805331640198
209;-7.08302393;9.44677456;-7.05011108;9.47100115;53.265932420502
215;-7.05127090;9.45907496;-7.01399408;9.48164602;58.452627112394
315;-7.43285779;9.76315523;-7.38839714;9.79712382;52.210448424891
329;-7.64707053;9.80639165;-7.59935484;9.83657941;57.292663717846
342;-7.17915529;9.85681681;-7.13355104;9.89345120;50.802569496183
351;-7.26163599;9.87840711;-7.22977890;9.90265059;52.311598951741
359;-8.11017170;9.89854017;-8.07178475;9.92719467;52.842659181261
380;-7.16099976;9.97387944;-7.12804143;9.99647696;55.152107346333
432;-7.36093337;10.14905221;-7.39772632;10.12699271;238.65900682031
445;-7.64717845;10.17748370;-7.60653517;10.20498151;55.491376067946
459;-7.60914840;10.23374602;-7.64102596;10.20783955;230.45324242334
466;-6.74213721;10.25708518;-6.78173706;10.23132855;236.54045515913
493;-7.25081618;8.75709752;-7.21359840;8.78621632;51.630312216988
494;-7.82421189;8.85589815;-7.86030195;8.82887947;232.85335807874
495;-7.83299372;8.83910498;-7.79635713;8.86557628;53.821130417736
496;-7.67806434;8.83967576;-7.61573639;8.87742978;58.485054904041
498;-7.68012054;8.87495015;-7.71237999;8.85444484;237.24842683493
501;-7.35160021;8.90131143;-7.31931142;8.92395138;54.632646245543
502;-7.90031955;8.94674587;-7.86751892;8.96563824;59.751627742727
516;-6.97310249;8.99002073;-7.00431034;8.96958015;236.45370234996
517;-7.66382706;9.00456542;-7.69337498;8.98296866;233.50070769164
518;-7.18695874;8.99167701;-7.14810330;9.01480850;58.917575515267
519;-7.15470852;9.00345056;-7.18810923;8.97974885;234.30741595456
523;-7.48702580;9.00116868;-7.43995710;9.03352304;55.158873490949
527;-7.40935608;9.04261425;-7.36172545;9.07603898;54.598157854223
530;-7.75094129;9.06455520;-7.78103804;9.04241069;233.31406629572
534;-6.83629138;9.06245826;-6.79247948;9.08931237;58.168169265125
538;-7.58447609;9.06069366;-7.55000787;9.08117512;58.960351691182
540;-7.31470602;9.09372688;-7.28184521;9.11744216;53.834355459331
543;-7.02213562;9.10202037;-6.98214715;9.12892006;55.730615998168
549;-7.43028329;9.12462318;-7.39907728;9.14510202;56.386471321202
553;-7.00713958;9.14912638;-6.95286322;9.19167108;51.546047223657
554;-6.91598209;9.15132551;-6.87377296;9.18253621;53.16357677838
555;-7.39242670;9.16731497;-7.42692482;9.14359637;235.14919428091
562;-7.07405773;9.18908389;-7.04008649;9.21222406;55.389774808093
566;-7.39222849;9.21125624;-7.36263293;9.23553482;50.267977026496
569;-7.66576474;9.21779910;-7.61757846;9.25179775;54.437738546219
572;-7.71320581;9.23641914;-7.65294727;9.28557070;50.42311591647
576;-6.95487499;9.22151279;-6.91925718;9.24462986;56.670201874847
591;-7.01387577;9.31079476;-6.97988215;9.33501052;54.171826778769
596;-7.21476191;9.32433394;-7.15559177;9.36037483;58.308422076686
603;-7.04536736;9.34297015;-6.99002665;9.37520388;59.441399807223
608;-7.50618265;9.37830077;-7.46892914;9.40255450;56.576605992368
614;-7.09861906;9.39207605;-7.05089545;9.42869887;52.118102408311
622;-7.74680900;9.46061985;-7.70078445;9.49300601;54.491857129027
636;-7.25050081;9.49375646;-7.28450647;9.46788684;232.36053235909
644;-7.71049343;9.52722316;-7.74447323;9.50184658;232.86869755227
655;-7.80936189;9.54493730;-7.73754320;9.60273842;50.773127929178
660;-7.69232887;9.56079389;-7.62110250;9.60229400;59.415487112997
666;-6.86323791;9.56644683;-6.89288599;9.54330744;231.64267441502
672;-7.69223549;9.58520845;-7.63794253;9.62894520;50.745690624447
673;-6.93800819;9.58100017;-6.90123459;9.60735422;53.986425003915
674;-7.70149751;9.59338160;-7.65874945;9.62088852;56.867215039694
676;-7.43794536;9.60911060;-7.48403086;9.57134024;230.27089751768
677;-7.71355270;9.58583078;-7.66256565;9.62361605;53.066796853034
681;-6.82466356;9.61772726;-6.79064691;9.63866116;58.024990740197
682;-7.10172379;9.62153076;-7.06222759;9.64680376;57.01158900445
687;-6.85910018;9.61631545;-6.81626817;9.64858605;52.609479290801
695;-7.04144543;9.64885575;-7.00190726;9.68008616;51.293175962536
697;-7.58266277;9.64391339;-7.61609659;9.62343293;238.14890587445
699;-7.34913346;9.66240271;-7.38696859;9.63871306;237.58287805631
731;-7.52474598;9.76085316;-7.49075105;9.78023434;59.947268585351
732;-7.33770196;9.76324649;-7.30695816;9.78696312;51.943806146445
737;-6.98012112;9.75805899;-6.93237579;9.78705925;58.348835846292
742;-7.80253828;9.77442216;-7.75207323;9.81276247;52.364373232929
747;-7.76203238;9.78241559;-7.72311006;9.80505884;59.440852440116
748;-7.04933227;9.79697157;-7.08117537;9.77491502;234.89967909627
757;-8.07153255;9.82192744;-8.02437081;9.85977719;50.831885345348
761;-7.43696374;9.82067800;-7.39855640;9.84545257;56.785350482855
771;-7.49149117;9.85835791;-7.45418894;9.88043121;59.006478947626
778;-7.15716579;9.87676669;-7.12203638;9.89826869;58.143962605718
781;-6.81846804;9.89806195;-6.86349656;9.87015062;237.82584048152
783;-7.24079774;9.88806272;-7.18646765;9.91977698;59.345894647079
785;-7.09907491;9.89597000;-7.06226447;9.92342134;52.869521083944
787;-7.67065330;9.92747142;-7.62841537;9.95225756;59.211367478855
791;-8.14353755;9.90459567;-8.10571591;9.92728692;58.653135097649
794;-7.86157469;9.94499417;-7.82151544;9.97523923;52.524154156808
797;-8.04432658;9.95967380;-8.01196272;9.98345402;53.272532982085
799;-7.10026199;9.97462386;-7.13158413;9.95093507;232.48296489332
802;-7.70931508;9.97590911;-7.67966985;9.99857971;52.16820385464
822;-7.24050134;10.04536685;-7.27347950;10.01896076;230.88667835394
823;-7.60996028;10.04549537;-7.56111413;10.07458244;58.830952952159
826;-7.72369490;10.07742059;-7.75663831;10.05258885;232.56696953223
827;-7.20647732;10.06199948;-7.16089814;10.08886961;59.084513570488
831;-7.77020278;10.08465019;-7.80477836;10.06198964;236.35318559817
835;-7.22326550;10.09463560;-7.18147121;10.12912218;50.027604355872
836;-7.54237752;10.10216811;-7.50831250;10.12859804;51.754743021221
839;-7.05510639;10.11483938;-7.09246689;10.09119301;237.26659480095
862;-7.35966959;10.18213590;-7.39098339;10.16167771;236.42810880826
864;-7.55953269;10.18361971;-7.52164831;10.20515056;59.99250434384
868;-6.63684361;10.20699287;-6.67150826;10.18229887;234.1062170744
871;-7.15312682;10.20327334;-7.12231606;10.22858999;50.138134412309
873;-7.15026378;10.22495315;-7.19974326;10.18997340;234.31379470549
879;-6.75707551;10.23495547;-6.78515325;10.21237185;230.74331171264
881;-6.98913137;10.24894646;-6.95669054;10.26989540;56.722185303926
886;-7.70802909;10.29708763;-7.77558467;10.25286130;236.36878441436
889;-6.67661246;10.30813618;-6.64140887;10.32957039;58.244564407002
894;-7.50148489;10.30053705;-7.44707615;10.33662634;56.007146949284
899;-7.50184531;10.34014043;-7.44961542;10.37732423;54.101240799902
902;-7.56668336;10.41909809;-7.61668924;10.38839498;238.02992488506
