3;-7.24971804;8.75871985;-7.19453932;8.78070099;68.0426672582
29;-7.88072409;8.93040895;-7.83974398;8.94764632;66.932543075082
36;-7.50518711;8.96380834;-7.46691748;8.98155481;64.848511795876
38;-7.21814797;8.97338564;-7.16128315;8.99805908;66.280270780385
53;-7.37184197;9.01098487;-7.32866166;9.02652326;69.977231227574
67;-6.98198137;9.06112155;-7.01698251;9.04666834;247.31074643476
72;-6.88704421;9.06058557;-6.84599544;9.08203965;62.105920690193
82;-6.79357734;9.08823438;-6.83240396;9.07382422;249.40422751763
86;-6.87579340;9.11800910;-6.83038115;9.13780718;66.17230413341
90;-7.26981388;9.12226731;-7.22823860;9.14105293;65.405690796564
100;-6.87500976;9.15813802;-6.82025770;9.18709811;61.813997647986
113;-7.45824676;9.22239514;-7.41776667;9.23903690;67.384865083237
138;-7.66937319;9.27478108;-7.62448971;9.30011109;60.233442455092
151;-7.75445160;9.30981213;-7.79164913;9.29420529;246.96987850837
179;-6.92450356;9.37319874;-6.97486111;9.35342260;248.30067832279
206;-6.91587357;9.44636544;-6.87919530;9.45970446;69.75892189271
211;-7.47790686;9.47311959;-7.43957962;9.49031106;65.542834309481
214;-7.50362614;9.46455008;-7.42477392;9.50163712;64.499247847856
266;-7.70587285;9.59285542;-7.66149786;9.61710136;61.003011591073
270;-8.02835849;9.61615734;-7.98399671;9.64098961;60.409877208031
280;-6.99883599;9.64481417;-7.04320707;9.62771274;248.65147880755
295;-6.83398293;9.69859107;-6.79395192;9.71840083;63.337664185652
326;-6.84477822;9.80495350;-6.77516451;9.83107619;69.145753215756
328;-6.96554645;9.81708915;-7.00062772;9.80319652;248.10832416699
357;-7.87535275;9.91682673;-7.91097975;9.89958156;243.83463462898
361;-8.07564002;9.91852356;-8.03345509;9.93414018;69.399128820424
371;-7.55942973;9.96010514;-7.52049132;9.97892261;63.860757302715
400;-7.03366655;10.03986493;-6.99361703;10.05643804;67.201359436444
403;-7.03695309;10.03934204;-6.99961982;10.05918618;61.635581976279
411;-7.60597033;10.08237001;-7.56317392;10.10388696;62.943859317382
424;-7.37033129;10.13119776;-7.40544175;10.11672325;247.28028174753
448;-6.97854388;10.19139182;-6.94012187;10.20687963;67.72410220629
461;-7.57137916;10.22869988;-7.52361324;10.25398419;61.719590085302
470;-6.78529791;10.27039724;-6.73586790;10.29174655;66.296144777179
488;-7.54873693;10.38917984;-7.50098251;10.40631986;69.948035602087
497;-7.29503632;8.86471059;-7.25677931;8.88080816;66.929318945363
506;-7.50794631;8.95622406;-7.46201572;8.97936434;62.972816872091
514;-7.79706976;8.98115089;-7.74896568;9.00432200;63.998606562839
537;-6.89631311;9.06172369;-6.84103617;9.09014537;62.490200514427
545;-7.49687969;9.12490471;-7.55156030;9.10234022;247.3225381767
547;-7.51976204;9.13584919;-7.46342999;9.16002828;66.498338141986
550;-7.38375824;9.15262900;-7.43189480;9.13059772;245.13276073258
560;-6.93763679;9.18182182;-6.89987471;9.19895948;65.307130627625
565;-7.45989188;9.22077465;-7.42214703;9.23634366;67.317443651275
567;-7.50527118;9.20686045;-7.46316094;9.22241616;69.479081856921
579;-7.44281766;9.25433659;-7.48003656;9.23442322;241.54201169527
594;-7.14598491;9.31801563;-7.18048084;9.30029319;242.500808361
601;-7.74991945;9.35537234;-7.68974036;9.37848527;68.726161594615
612;-7.43180044;9.39805155;-7.39621968;9.41362403;66.073577033915
620;-7.48460874;9.44005546;-7.43806054;9.46372183;62.728484354052
621;-6.83879308;9.45674636;-6.79992074;9.47114728;69.411684625314
623;-7.84077798;9.46799636;-7.87745812;9.44803974;241.12322942614
631;-7.08612443;9.47879324;-7.05324195;9.49705339;60.617024912766
646;-7.37714147;9.52094860;-7.33276238;9.54460803;61.601288817989
662;-7.04789004;9.57350048;-6.98868267;9.60570449;61.112746198456
691;-7.85656591;9.64981440;-7.81384690;9.66974519;64.669827972187
693;-7.40825777;9.64532186;-7.35675019;9.67003381;64.044868579145
701;-7.41750566;9.65512926;-7.37694691;9.67663953;61.716971285695
721;-7.01579978;9.73440424;-7.05690615;9.71674187;246.44915883086
727;-7.45749207;9.75784275;-7.39389237;9.79172508;61.59932626403
730;-6.87017110;9.76715116;-6.90800574;9.74948865;244.65685699117
733;-7.05986340;9.77262456;-7.09551830;9.75275734;240.51935963684
754;-6.90829152;9.79125049;-6.94284761;9.77356409;242.55698301509
755;-7.42714656;9.81466519;-7.46551349;9.79748126;245.56030524813
776;-7.49911294;9.86652944;-7.44865211;9.89451047;60.622323224777
789;-7.45395781;9.92979678;-7.39855375;9.95883022;61.981168689898
796;-8.03830602;9.95965652;-8.00268077;9.97583002;65.249690331004
807;-7.74036447;10.01400634;-7.77545661;9.99786077;244.96121126681
810;-7.38957485;10.00435473;-7.42851129;9.98772403;246.55661173513
819;-7.44467534;10.04096340;-7.48417959;10.02053163;242.2935114943
824;-7.30173021;10.05870509;-7.34671883;10.03777701;244.71634697061
838;-7.04686347;10.12021429;-7.09627579;10.09501174;242.6162667717
840;-7.62338712;10.10631411;-7.58005020;10.12566065;65.603270288486
857;-7.14786135;10.16690264;-7.09957951;10.18452482;69.650027326486
861;-7.62474264;10.17359253;-7.57591993;10.19291415;68.091386855732
872;-7.30359917;10.22361803;-7.33983995;10.20481889;242.21029345617
874;-7.52915295;10.24044687;-7.56700742;10.22651065;249.49234847173
895;-7.37593081;10.32217189;-7.41161394;10.30716034;246.85160719104
896;-6.88509524;10.33126051;-6.92192395;10.31089148;240.65986204456
900;-7.44028215;10.38107635;-7.47542510;10.36551318;245.76533107683
1425;-7.90159541;9.41881574;-7.93989160;9.40374005;248.24958664991
